1 0.703580444292343 -0.054567012217676 0.0444789638736137 0.042676496585467 0.0418685254936954 0.0455744789932047 0.115476454556639 0.0522055228242844 0.0250865866047153 -0.1684219939465 7.11321728853972e-05 -0.0580220904333568 0.134501068616112 -0.096208620832884 0.0708932984252265 -0.0116599068285787 -0.0259105285014902 0.0357524738445602 0.10911355818673 0.0554184231834764 0.0240347973691809 -0.130392227893127 -0.0927857186435228 0.0988542250323044 0.0619328867552118 0.0367045989631298 -0.1168753648568 0.0817097749950159 0.00442811838545287 0.115790814602027 0.0495317890534407 0.0575683284523262 0.0124486050778756 -0.196664329963022 -0.0647016621537049 -0.0301533635444831 0.0325633154426912 -0.172373871081124 0.00872018482738041 -0.101433434004915 0.13239861999304 0.0862922039324218 -0.243758081658762 -0.0486863951638081 0.0880715316841364 -0.051973911161879 0.0767552434014328 -0.102925581833311 0.0617737343717411 -0.153558472031096 0.0428207119573151 0.015842235589869 -0.0869256222762275 -0.0443007814715619 0.108274966228266 -0.108446637667482 0.0132322508917589 0.0665908657403088 -0.0298866937469078 0.108280021309609 0.0879702830363524 0.00490525506883501 -0.0163265705758469 0.143470850975836 -0.0168955570901138 -0.00576487943630922 -0.151525949141872 -0.0443562656178231 -0.135198601806503
2 -0.054567012217676 0.871658563450188 -0.0895972288346155 -0.130626182087238 -0.0568492236182714 -0.00198720400331699 -0.189356091876978 0.0298115401229169 -0.00613347594456337 0.114605197276296 -0.140602765786457 0.0653255530467509 0.0315545537386791 0.063043651681746 -0.0364791080794175 0.0195447774756459 0.00706641442866787 -0.0796942556265364 0.0847649493042857 -0.134734095493544 -0.0248890567866895 0.00953948114306971 0.0650423185479643 0.0850463590653459 -0.0880307686747269 0.00387887243514194 -0.122356672581148 -0.0224953134193239 0.034623702924407 -0.0427801575358416 -0.0273998040356789 -0.0282512629898362 -0.128192224928576 -0.104032351716331 0.0409209986345857 0.100588403076224 -0.0526070291291555 0.0189792827394725 -0.133506184283668 0.0727317885819745 -0.14490323758147 -0.133193006096305 -0.0556821606584783 0.0858487459701011 0.116945790251851 -0.0750457345153233 0.0156722927188775 0.053344792133217 -0.235971252716489 0.152796897549307 0.211027793178358 -0.0362347783140035 0.0342497698699813 -0.0721311157808198 -0.0118093496205615 -0.0135194216543902 -0.108180747393738 0.190929932748907 -0.0484193422737418 0.0444757185376608 -0.0730631590733469 0.117104214768162 0.0920615713936827 -0.0710401417430659 -0.0100993471172616 -0.0506317913226686 0.0139975054414041 0.0302297828317998 0.0907255849678504
3 0.0444789638736137 -0.0895972288346155 0.715255529691581 -0.0194690004885666 -0.0351424673997451 0.0206123459043142 0.0457486551772433 -0.100538844823013 0.0365235525942083 0.0292557326494678 0.113264779347769 -0.0751394233534778 0.0197802883055942 -0.0880678286544361 -0.0210980265660459 0.0105046077333013 0.0628753034876301 -0.0492688026282484 0.0634860226888133 -0.0460429488939331 0.0305385466038941 0.019786246297385 -0.0166545992163688 0.0184051998440316 -0.0416859993577744 0.0687438436967683 -0.0914399787349465 -0.0194884537416199 0.00303476068254542 0.00388325554411793 0.0127235492720266 0.0248591447234873 0.0674627408915383 -0.053203473520939 0.163468280182611 0.0335485405468136 0.0277217477916151 0.0880698695758101 0.0272710041643658 -0.0587428384416996 -0.0632394364295589 0.0339820381739543 -0.207174191793331 -0.0176154648565392 -0.0800697396189133 0.0203122910932114 0.0636022413059437 -0.0988403558560379 0.122457889292352 -0.130700571760944 -0.0631010267672402 -0.0541382641597355 -0.109150545835764 -0.0734737330735792 0.0120018922819949 -0.0638700277246257 0.0718595288376303 -0.108828283614047 0.0111107078479544 0.0902758486818847 -0.0666748999635401 -0.125969014495602 0.0222756420366014 0.0250810123242244 -0.0249901321315615 -0.0686143368023479 -0.104587431992662 -0.0403227735399089 -0.0514190597128579
4 0.042676496585467 -0.130626182087238 -0.0194690004885666 1.03848755223152 0.111628683536802 0.000434195865957409 0.028755589678862 0.0956864528983351 0.051315675703016 -0.0420242164257163 -0.0422092547168178 -0.104815781956333 -0.121590871679271 -0.0227068031306275 -0.0603668101429896 0.0194118667151919 -0.109826223730409 -0.0818870855151317 -0.0170297914409388 -0.0181261576691984 0.0448509452879149 0.0977862723951819 0.0298944826425544 -0.0958570582846198 0.0984812888164366 -0.166530685900922 -0.0754205363203071 -0.200365989543417 0.0268523437410921 0.0165439769318931 -0.0347113422072138 -0.120878075549514 0.0511566171671179 -0.115040136237201 -0.0582743149154243 0.0241373910982064 -0.10045445037688 -0.0206340120256051 0.153859850521661 0.0621732568565862 0.0175293075815742 -0.137812460023074 0.00475925483948801 -0.141776767256249 -0.106349544151154 0.00491235760287438 0.0624826190023258 0.0107684149421504 0.0666555139025909 -0.0895829245870776 0.00324618855254685 0.125900891599923 -0.0161758277276988 0.0929376770027991 0.0145011743989056 0.0310456605532365 0.10352517381458 -0.0555348034524199 0.190336736758911 -0.0141072297307302 -0.0772707964825066 -0.0461524315521189 -0.0711412110018065 0.049402044471978 0.0268257950218231 0.0369928137424512 -0.010734486367218 -0.105677762498129 -0.0494896697597964
5 0.0418685254936954 -0.0568492236182714 -0.0351424673997451 0.111628683536802 0.569851854508081 0.140659191525444 0.0746507678179727 -0.0814095885551703 0.024204096957519 0.0709046268719083 -0.0430805559620781 -0.0144382196057305 -0.0475525499569662 0.0711557307129665 0.0658320710082234 -0.0820829564995082 0.0533803038511377 -0.0504250127480672 0.0158498701055454 0.044469398092255 0.126469552580976 0.135310135201154 -0.175044193878049 0.0246696994720283 0.0311568747242496 -0.00945738723242491 -0.0590884604222223 -0.124478640117669 0.140882724482767 -0.0492916597079445 0.0136861396162242 0.100246369543384 -0.00552109169334183 0.026101961890538 -0.065322852892511 -0.073956652941253 0.0626286242671911 0.0120057312316115 -0.0182159221715902 0.0843418887224405 -0.0638582793761573 -0.10589736419983 0.085666937742981 -0.084685436670088 -0.0151020307314549 0.0164330299379321 0.0258952483031457 -0.0100694752277651 -0.0134608145480277 0.0411223203515813 0.0279662469549375 -0.071805897484539 0.023289184094839 0.0897828545726373 0.042852151948177 -0.0769587891054082 0.00500725985357121 -0.0280711361476988 0.0718631875579925 0.0126413601092181 -0.137934533366511 -0.0635755289850583 -0.0113066918350999 0.0506558734807633 0.00298518597076981 -0.0453936217060221 -0.0226727593859389 -0.0750226795924593 -0.0249664781067618
6 0.0455744789932047 -0.00198720400331699 0.0206123459043142 0.000434195865957403 0.140659191525444 0.966224248453496 -0.0410809740107669 0.0148307108101846 -0.153310009904618 0.0114837482416711 0.10057393678965 -0.0791745234347462 0.16312013153414 0.0152778094960818 0.000251142837925786 -0.0421355807749653 -0.0430004237533742 0.058952339826114 -0.0955911772974233 -0.0701163740497815 -0.0565494259380435 -0.141674956362334 0.173649741718437 0.0810133134418145 0.0308408181331693 -0.153577361603245 -0.0767460752807827 -0.101014714068883 0.0994772365865127 -0.105716124535596 0.111028938388409 0.0448060997645643 -0.106142541973387 0.0305535789151852 -0.115092339471167 -0.130392908683748 -0.0802494880036673 -0.0127353665835452 0.014125705428664 0.0412225240499038 0.108718466396199 0.0191086155719064 0.00261840910732924 -0.00381887558495948 0.0593998136502519 -0.0816345569029536 -0.0833050663185444 -0.0495526462114645 0.0972056256911317 -0.12048305588832 -0.0659192180915623 -0.0555748556199054 0.069440068003557 0.143621318650852 0.0755323861069698 -0.135658736891658 -0.113755853248388 -0.0354997496853562 -0.206057366315515 0.0249572242720163 0.0410878410976252 -0.0432152630421684 -0.0476380995998442 0.0020082036400366 -0.0101859044520581 -0.0499220602320179 -0.00337635099320914 -0.148601068896687 -0.107281518681412
7 0.115476454556639 -0.189356091876978 0.0457486551772433 0.028755589678862 0.0746507678179727 -0.0410809740107669 1.05045964841321 -0.0703049858491569 -0.128726498882144 -0.0302161998660063 -0.0784685105782283 -0.121266691415129 -0.0345440635613056 0.12117370266845 0.0686001748140156 -0.030078409479598 -0.0949630988607129 -0.0370885680477071 0.126010245508375 0.0203555676662864 0.07596967386838 -0.000989027537913649 -0.0909781127595663 -0.0641228038404026 0.0828972481624825 0.145245251905565 -0.0798898886327142 0.0204796647957541 -0.0802467605802027 -0.177805001873419 0.212654070107709 0.195145155177207 0.0753762010909597 0.00428195079693953 -0.0446974354845443 -0.0105171350059637 -0.0719902821473682 0.21030492918787 0.0337923130823098 -0.0342269408398984 -0.0331754043476881 -0.00740686609404668 0.0109287284566 0.0365390507174051 -0.150239015289151 0.0492925767957184 0.139796870485671 0.0545233073749783 0.0735743041172243 -0.086182729845251 -0.0208290599418089 -0.0267382202361193 -0.108927238190376 0.0983026311867669 -0.0842032646533524 -0.102354991612005 0.114581721272047 -0.0123668362441681 0.0279142602097005 -0.04502072239107 -0.0067906114292897 -0.0227573062626006 -0.105271607348352 0.14618822637616 0.0119337544596574 0.0940026598472658 -0.185908692912978 0.0876086909451359 -0.071302795554856
8 0.0522055228242844 0.0298115401229169 -0.100538844823013 0.0956864528983351 -0.0814095885551703 0.0148307108101846 -0.0703049858491569 0.682459272809637 0.0472880423061023 -0.0447206877783217 0.021080310826435 -0.0206939490937292 -0.0814323842593288 -0.03068925147929 -0.104156368214077 0.00268395010535411 0.0324176900846749 0.0513919708658697 0.115527709190439 -0.107823148575315 -0.0686562060641857 0.00285765676737396 0.0522585985415805 -0.0100209633154041 0.0727634915808728 -0.174255234468557 -0.0492682713377473 -0.0754508557667032 -0.169815813813212 0.077060908398885 -0.00642584940917285 0.0290814098540506 -0.0213190426112507 -0.0819906483876783 -0.0121064470883226 -0.046439377178948 -0.0340844549570512 0.030121920225194 -0.0667576916143493 -0.112451074904186 0.0347644584428234 -0.0928238477484749 -0.16146893539229 -0.167658686022639 0.0728978615543445 -0.129890230241101 0.0874489216500597 -0.0103588391871535 -0.0408827154419923 0.146933177901534 0.0755351307706639 0.0605490039794547 0.0901553218852823 0.149521303089629 0.021143480969529 0.0185798825306104 -0.135794735507983 -0.043273634011766 -0.144162770948365 0.0250666276780647 0.0261856727402998 0.164888996675785 -0.0177154331082522 -0.0144037106125912 0.043269539841911 -0.00937411772099703 0.00790280994263243 0.113817942442374 0.066745956303617
9 0.0250865866047153 -0.00613347594456337 0.0365235525942083 0.051315675703016 0.024204096957519 -0.153310009904618 -0.128726498882144 0.0472880423061023 0.720202740877866 -0.011918217257106 -0.172595746698094 0.0168567749975577 0.0688913638724467 -0.057814344622998 0.0402380649982831 -0.0450847074391863 -0.0192567562397907 0.023010375063813 0.0258093948303346 -0.0185679361066242 0.026111593076035 0.168416994586757 -0.0496113244022796 0.0227910812708359 0.0317160882732403 -0.0342366072775925 0.234331700425621 -0.0735006615814755 -0.168222668705278 0.0828619006730789 -0.129904255546299 -0.0583689079342005 -0.181435064031923 -0.0648159799456208 0.0939229748771286 0.0361423719550624 0.00139062038532808 0.0358172848832829 -0.0414466882663973 -0.116641987932219 0.0639381943512592 0.0916515433943148 -0.114764985658544 -0.00788361541128149 0.0893996805276724 0.123233625379109 -0.0248871441923759 -0.0451453975417389 -0.148713936780514 0.109620564021284 0.0419248566630254 -0.0218783485128378 0.129613185497699 0.049121759507972 0.109597324060481 -0.131996177405367 -0.0646114046516893 -0.112150192254365 0.00041224210037487 -0.000884250149310413 -0.00102730919791736 -0.0455024005257708 0.0896205293866201 0.0576296510419224 0.0152546023102836 0.0445298816772874 0.0164618888763932 -0.00754038886973449 0.0342377357091223
10 -0.1684219939465 0.114605197276296 0.0292557326494678 -0.0420242164257163 0.0709046268719083 0.0114837482416711 -0.0302161998660063 -0.0447206877783217 -0.011918217257106 0.898168776937989 -0.072265172642978 -0.0318387729173822 -0.139579273826835 -0.0180019171330092 -0.0716810262941125 -0.00968826928158022 0.0979705479027456 -0.0554387016863782 0.0881571051709119 -0.0859848909662477 -0.105054210008067 0.1080434913611 0.154275114786487 -0.00171290324827738 -0.0111602607268102 0.0740986963048663 -0.157618283728983 -0.00892153557161907 0.168493469663262 -0.161241902703795 -0.131954985233722 -0.116525435797484 -0.0309347797487219 -0.0405095275913439 -0.0140012089149663 0.0698096200106311 0.0570800035677476 -0.0317430567288182 -0.0461865623112538 0.0401818390639799 -0.158685854597967 -0.015737547109616 0.0110246651292404 -0.114410294283117 -0.000853186095899438 0.0647015757814275 0.00153487484507304 0.0391764992899628 -0.162087019420201 0.203897353072774 0.0332391755361835 0.0339926607995922 0.00140326846455426 0.169969033832345 -0.0378061333541074 -0.0408565780646047 -0.171623626976318 -0.0556625938705008 -0.0546753199215305 0.0860050910136044 -0.0771406106398525 -0.0815769680857864 -0.00835493037557415 -0.0340185760500301 0.106474028452146 -0.115877239978297 -0.00511671022226535 0.0654809781814149 0.012984464017475
11 7.11321728854055e-05 -0.140602765786457 0.113264779347769 -0.0422092547168178 -0.0430805559620781 0.100573936789651 -0.0784685105782283 0.021080310826435 -0.172595746698094 -0.072265172642978 0.905401677662224 -0.152171084428009 0.207114201745152 -0.0727600462274598 -0.00334908240594272 -0.00646578893460316 0.0546386553671423 -0.0124474748238949 0.103287558933235 0.0361662559643647 -0.0379835211858717 0.00130338222024488 -0.0696762949367869 -0.0560225263689451 -0.0570261246854177 0.0591963256391822 -0.0697685004004893 -0.0898333327910453 -0.0409462836194972 0.0116207684337113 0.069550853783653 -0.023516257355537 0.0580140764080618 0.0746079386284053 0.0305873170566323 -0.167231476767312 -0.0307680815534989 -0.0647302257208379 0.0625988430792756 -0.047899268639558 0.122967504687492 0.11948274223712 0.00943555630221512 0.0174820568860559 -0.00829946397238352 -0.100205787051587 0.0557672803962184 0.0351156091468826 0.0871069680958406 -0.128419637022917 0.0297294908462551 -0.035777662095613 0.0358969992558453 -0.120947246836267 -0.0188552153242432 -0.0442365444710628 -0.0914151125643789 -0.115043910992864 0.0597667220632346 0.0325072268824214 -0.0521493044149018 -0.0641316232108707 -0.0422027405784818 0.0455276632810028 -0.0707048809131073 -0.061478386196413 0.0849155616353106 -0.225658056829627 -0.238088649254772
12 -0.0580220904333568 0.0653255530467509 -0.0751394233534778 -0.104815781956333 -0.0144382196057305 -0.0791745234347462 -0.121266691415129 -0.0206939490937292 0.0168567749975577 -0.0318387729173822 -0.152171084428009 0.747005873526961 -0.113682918355592 0.0369789928621777 -0.0545676400864751 0.0683589223863718 -0.0756615723178571 0.232073612237807 0.0668627264131867 -0.0667463039404388 -0.0593840119431677 0.011945080840738 -0.115707999960152 0.158510465036459 0.0372498454759767 -0.0115144971129182 0.00606626970364818 0.0514221642695885 0.0131557351705283 0.0309980224625133 -0.220269097105763 -0.038398755354303 0.0462598189332847 -0.0134253503192149 0.0687217991045784 0.0689137825849578 -0.0583174685630458 8.09638096505251e-06 -0.0793609477801 0.116600264804515 0.115619237691958 -0.00287541787338774 -0.0499986228784019 0.0103481163443957 -0.176614091533716 -0.0963763027739608 -0.103325673782761 0.0392451384744653 -0.0693374582922479 0.0540456543248726 -0.0445441637246546 -0.132565740687554 -0.0900697564452541 -0.00913556570860063 -0.0663883218482112 0.00684651201574428 0.05777882868594 0.140098429689205 -0.0289138660579506 0.0129009472931716 -0.034702780746651 0.223622938650772 0.0802911475047503 -0.0107852165174613 -0.0970397217636134 -0.0118178997876894 -0.0223949896943866 0.112965913075031 -0.0226074716700902
13 0.134501068616112 0.0315545537386791 0.0197802883055942 -0.121590871679271 -0.0475525499569662 0.16312013153414 -0.0345440635613056 -0.0814323842593288 0.0688913638724467 -0.139579273826835 0.207114201745152 -0.113682918355592 0.763886325339845 0.0739556068460942 0.0242523834051871 0.0431777931424062 -0.0790146067880151 0.0494370557749198 -0.075859698132826 -0.0542098188271691 0.0610731433744114 -0.0444704513755687 -0.0378910328424587 -0.03087956129716 -0.0290098920891167 0.0201230299837794 0.103193981438556 0.0424380503891282 0.117322085911056 -0.0114862636566264 0.171662042877401 0.0104330892772211 -0.132873104037469 0.0183450079611336 0.0214291941693296 -0.100459790790419 -0.10806346773101 -0.0796523131871419 0.0547623946049252 -0.0047614220270475 0.175890698011367 0.138198830292817 0.00516031540735643 -0.0229341193970717 0.143895058174563 -0.0268208856094032 -0.159806705414934 -0.0408401898653436 0.0022356795511164 -0.220050493411083 0.0485234866790847 0.0112875810072968 0.0110060525442592 -0.0387520437952644 -0.0226252002021153 0.085444410045183 -0.0336967450011947 -0.053714703503394 -0.130012356902819 0.0321977119878639 0.0127755470956978 -0.0212485811217363 0.0599182919629768 0.108501278304265 -0.2071928615639 0.0535739460641116 0.0160243940091912 -0.185668009976055 -0.0156587849984537
14 -0.096208620832884 0.063043651681746 -0.0880678286544361 -0.0227068031306275 0.0711557307129665 0.0152778094960818 0.12117370266845 -0.03068925147929 -0.0578143446229981 -0.0180019171330092 -0.0727600462274598 0.0369789928621777 0.0739556068460942 0.917392876266587 -0.133809842190559 -0.0393263469356639 0.0337913507014792 -0.0151771799546399 -0.0246608556703388 0.0667972573533576 0.0271507191808507 0.0888691188142097 -0.0406363056698206 -0.0217709538734204 0.00849789141280861 0.168160774570506 -0.0288798417899349 0.04301842954038 -0.127178919556756 -0.0545694712686992 0.16316425217574 0.129065566041342 -0.0199741399107291 -0.0421015381697556 -0.0150352183756397 -0.0556854896696698 -0.0171231984222557 0.147624322459102 -0.0374918240431661 0.00209697277891575 0.0148302751082679 0.0633129797499474 -0.0469582907532217 0.0934464352861033 -0.0367588729126372 -0.0847930649714743 -0.145188789217994 -0.0871864509098023 -0.0995398421623545 -0.0194058496838808 0.086981003755251 -0.178288698316958 -0.104733418954667 -0.0354176100409937 -0.00376451736284839 -0.0299899773475471 0.00281014912420375 0.217737718642114 -0.0456549941699677 -0.0727181888787554 -0.0186680340552376 0.158290285507161 -0.0566662200750342 0.0427588488955082 -0.166695762673298 0.118403706432875 0.0850966845110653 -0.0878378284926536 0.0398685631547816
15 0.0708932984252265 -0.0364791080794175 -0.0210980265660459 -0.0603668101429896 0.0658320710082234 0.000251142837925752 0.0686001748140156 -0.104156368214077 0.0402380649982831 -0.0716810262941125 -0.00334908240594272 -0.0545676400864751 0.0242523834051871 -0.133809842190559 0.698634444006541 0.0668352387091329 -0.0542259066101771 -0.097590903444612 -0.0539708149350819 -0.0267727259458804 0.0423898634246938 -0.0139565075575201 0.0582161670905804 0.0459862045588323 -0.0191795489267181 0.119485805536087 -0.0356928050867047 -0.111182215938057 0.115010619463644 -0.0465542190478336 -0.0767739382888697 0.0499118691881907 -0.0165746078167394 -0.0656259783106069 -0.15408901761563 -0.0336149864116462 -0.000708774921604846 -0.0556340979465182 -0.0266124332980337 -0.0666082940573742 0.0761143170916493 -0.0469518764689537 0.000927669829853386 0.0627223679857375 0.132627445211271 0.0568087835175711 -0.00982785880303544 0.0428108446473222 0.0831983095536013 -0.0110594618071943 0.034721802453813 -0.0322724502690034 0.0668933059969968 -0.104566178207092 -0.0615947071079282 -0.14851068167547 0.0648166913044677 -0.0504641329701648 0.0992473131187419 0.000847207111841364 -0.0368137518500093 -0.138024512804181 0.00365545565226367 -0.0341496941758921 -0.022775026719316 0.0453714493975426 -0.084394660783662 -0.066813207774168 -0.0680677063306274
16 -0.0116599068285787 0.0195447774756459 0.0105046077333013 0.0194118667151919 -0.0820829564995082 -0.0421355807749653 -0.030078409479598 0.00268395010535412 -0.0450847074391863 -0.00968826928158021 -0.00646578893460316 0.0683589223863718 0.0431777931424062 -0.0393263469356639 0.0668352387091329 0.525892702140057 -0.0871788818906921 0.060017513121976 0.0572906521457284 -0.0354041600937287 0.0669932755019248 0.0308231587421588 0.0247920175859137 0.048771019145764 -0.115196116943177 0.00184501276937038 -0.0210013831536276 -0.0261741376252833 0.0731375190027951 -0.00166118755946331 -0.0595769436295755 -0.0387801315874625 0.0675908674510123 0.0156702712067237 -0.0203778925142007 -0.00222667965394289 -0.094503302196351 0.0210228461573109 0.028262705555092 0.0369720901891101 0.143702304772703 -0.142387531048474 -0.0134777730895108 -0.0770208073391378 -0.0225188212630452 0.0051719266824711 0.0641630475757165 0.035463829469813 0.112685309033917 -0.0935183635908791 0.0153036781075075 0.0532336250247401 -0.0926971016383435 -0.141450776373158 -0.0172843353222712 -0.186923473135791 0.0358492374073477 -0.0724005774992751 0.00844079688061934 0.0421247743009089 -0.0428850277043021 0.117098368718599 0.0570375718392304 -0.056891657002513 -0.00652978333141653 -0.0182530993692992 -0.113093996803472 -0.0269218396476247 -0.229828972222991
17 -0.0259105285014902 0.00706641442866787 0.0628753034876301 -0.109826223730409 0.0533803038511377 -0.0430004237533743 -0.0949630988607129 0.0324176900846748 -0.0192567562397907 0.0979705479027456 0.0546386553671423 -0.0756615723178571 -0.0790146067880151 0.0337913507014792 -0.0542259066101771 -0.0871788818906922 0.901320588476964 -0.142114587292637 0.191260273425485 0.198842583402024 0.0302604650181723 0.0276184503094707 -0.107348780692211 0.0742143298445826 0.0110281103555611 -0.0507333416377355 0.0212823504167879 -0.0305656132779548 -0.186368389217772 0.0643705369044238 0.0271839622486984 -0.0627255922942228 -0.154791059839327 0.11269361360079 -0.0121454785830989 0.042565490354945 -0.117865987203091 -0.0353010057026028 -0.0843788085888731 -0.136475020388582 -0.0863081055657213 0.0293584943590419 -0.0444509495004071 0.056394038870165 0.00908247199506267 0.0439426633947069 0.101414841957948 -0.184072422110196 -0.170430016197553 0.160676776144858 0.173612144070752 -0.0426756500219332 0.00344218717772091 0.0187186040300586 -0.136127682517814 0.0310403007029268 -0.112963966182645 -0.0222963465734542 0.0174908562733744 0.0321765578926966 -0.0145042242452464 -0.0907876284918608 -0.0560738168730989 0.0616124602443145 0.143130466753153 0.168353915996807 -0.0311670345503428 0.0770173766619796 0.0616263753954684
18 0.0357524738445602 -0.0796942556265364 -0.0492688026282484 -0.0818870855151318 -0.0504250127480672 0.058952339826114 -0.0370885680477072 0.0513919708658697 0.023010375063813 -0.0554387016863782 -0.0124474748238949 0.232073612237807 0.0494370557749199 -0.0151771799546399 -0.0975909034446119 0.0600175131219759 -0.142114587292637 0.678935505493465 -0.020053992680702 -0.0499106862396009 -0.0678809584178158 0.0206325231028515 0.0249348072542301 0.0688683543523337 0.0498361739585512 -0.0766706436777291 0.073889054329096 0.117172982841263 -0.0985973328598255 0.101821140271788 -0.0762600761246635 -0.137353250695867 -0.00464122626860582 -0.105088760477904 0.00500450177360118 0.0321574737418881 -0.0642071485362702 -0.0671519542044695 -0.0377374438145558 -0.0284112718645604 0.104979963165334 0.145311377096109 0.0148058138494956 -0.0308172709804486 0.0171380741875348 -0.221814762761804 -0.113855752079069 -0.12560294824715 -0.0506655804110157 0.0587682316054445 -0.0612695506371123 0.107816104629593 0.0665071107632618 -0.0798291104280179 0.0189655786703999 -0.175502136096762 0.00147338232552935 0.0535011247541919 -0.123999271494268 0.00176080550674582 0.0585268823157115 0.400038757763701 -0.0347154509684045 -0.187024026523173 0.108785928740991 -0.022261123750311 0.0529957008357237 -0.0938644393231384 -0.0706724192087593
19 0.10911355818673 0.0847649493042857 0.0634860226888133 -0.0170297914409389 0.0158498701055454 -0.0955911772974233 0.126010245508375 0.115527709190439 0.0258093948303346 0.0881571051709119 0.103287558933235 0.0668627264131866 -0.075859698132826 -0.0246608556703389 -0.0539708149350819 0.0572906521457284 0.191260273425485 -0.020053992680702 0.810757759218292 0.198990831502708 0.118594719567738 0.0590251355226101 -0.0197909515436295 0.140889416751227 0.0552746957046714 0.0295513103004477 -0.131629923419531 -0.0291677499094661 -0.114642478789522 -0.0816007248811921 -0.136324998869702 0.0332680757006172 -0.0286073016656759 -0.127787978922833 -0.0525019667789426 0.0173436454344936 -0.0997204489524612 0.00925513274008542 -0.118883886727534 -0.0890172946106827 0.132630939389211 0.127113758084089 -0.0702811054605079 -0.103086188893822 -0.0869637989484056 -0.0631548924420711 0.238546654251213 0.031042363190323 -0.0773125683763677 0.14628898964288 0.106388046466842 -0.0531958173891845 0.0216276892898728 0.0310972926948309 -0.0957444828930927 -0.161033325948849 -0.0782395735753249 -0.0357244575995372 -0.0517678737596499 0.0986963530785771 -0.0619742069798882 0.0683117805986665 -0.0523019017863351 0.0476224387806935 -0.133936703524048 0.0206336006738938 -0.197151296819231 0.100525186763919 -0.0951125317928502
20 0.0554184231834764 -0.134734095493544 -0.0460429488939331 -0.0181261576691983 0.044469398092255 -0.0701163740497815 0.0203555676662864 -0.107823148575315 -0.0185679361066242 -0.0859848909662477 0.0361662559643647 -0.0667463039404388 -0.0542098188271691 0.0667972573533576 -0.0267727259458804 -0.0354041600937287 0.198842583402024 -0.0499106862396009 0.198990831502708 0.709892560569825 0.0762870497815322 0.048192435387588 -0.0924757037413294 0.0186340119576391 0.051147496347287 0.0378620528621118 0.0984864204205201 -0.0440734732662606 -0.162163553466254 -0.105558784601326 -0.0484704496321089 -0.0687634039853696 0.0183730233240909 0.0243273467575579 -0.0707711404268521 -0.0516846132566784 0.0183815870458574 -0.0564021234471166 -0.00542989407059801 -0.110274036659998 0.106885570956482 0.0996309377007832 0.0537738533628963 0.0496725446441335 -0.108175967003806 0.0423029159788601 -0.0394448938544714 -0.0451147817406929 -0.132383294970138 -0.05745681487211 -0.000539125016150811 -0.0594399552845398 0.0275499101204263 -0.0927223496128263 0.0134080113834056 0.123252521475547 0.145972642734649 -0.0224035680916304 0.0655132354352454 0.0118260362456003 0.0590987578988591 -0.0658894036389461 -0.107759330834425 -0.0634433463583254 -0.0724070383933051 0.138169166641969 -0.0717103451944869 0.0940223465123868 0.0288007596895111
21 0.0240347973691809 -0.0248890567866895 0.0305385466038941 0.0448509452879149 0.126469552580976 -0.0565494259380435 0.07596967386838 -0.0686562060641857 0.026111593076035 -0.105054210008067 -0.0379835211858716 -0.0593840119431678 0.0610731433744114 0.0271507191808507 0.0423898634246939 0.0669932755019248 0.0302604650181723 -0.0678809584178158 0.118594719567738 0.0762870497815322 0.779096240836757 0.103206010626504 0.074462892792658 -0.00493028961113599 -0.0187675167261353 -0.0643329897453164 -0.0174641534352456 -0.137590137266554 -0.178842307562659 -0.00824208039923873 0.0593866447814589 0.20069930483792 0.0114957620886966 -0.0497940949713059 -0.0220498461105184 -0.0748151951753386 -0.0773246839276364 0.110774022112207 -0.0508643202256215 -0.079604572956702 0.0340780713974547 -0.0458949668672447 0.195023648317262 -0.0572390517329942 0.0787338239472019 0.0223313407911541 -0.0360967342390266 -0.0582119704200652 -0.0440805886330546 -0.0253500393096276 -0.0492228246537214 0.121988934969415 0.0114098235263691 -0.113466672875192 -0.0457341974071247 -0.104145117883664 0.057651964416727 -0.125854243408875 0.035409867919582 -0.0750203754313492 -0.0784735055386534 -0.0641277489597023 0.0670984860226916 0.00369371309129048 0.115116438143276 0.0368135334124126 -0.0953166445416718 0.134911713279405 -0.0487326279169906
22 -0.130392227893127 0.00953948114306969 0.019786246297385 0.097786272395182 0.135310135201154 -0.141674956362334 -0.000989027537913674 0.00285765676737396 0.168416994586757 0.1080434913611 0.00130338222024488 0.011945080840738 -0.0444704513755687 0.0888691188142097 -0.0139565075575201 0.0308231587421588 0.0276184503094708 0.0206325231028515 0.0590251355226101 0.048192435387588 0.103206010626504 0.788179925805537 0.00596760566692021 -0.0165376368830471 0.161529022847168 -0.00594493739113961 0.082079808344643 -0.121645711579516 -0.0939192199498027 -0.210366975003406 -0.153905936351033 0.0939171827786376 -0.0895030201228005 -0.123872747462082 -0.00180059323584593 -0.0726453236280635 0.15219965070846 0.0705757614960791 0.04501524169258 -0.0849536926730549 -0.0485276376256693 -0.0466881431698474 0.0748634121479279 -0.161120369829393 -0.103639298323765 0.0129801216384967 0.0238840806260885 0.0429227904768129 -0.0616924159285874 -0.0111122218304151 -0.110798463802181 0.0395162297509855 0.102692862175349 0.0785839904520152 0.0352025991740544 -0.0195452342903264 0.0126634202696156 0.00676883134315072 -0.0492339808631382 0.0250033155235492 -0.107948116655117 0.075635762207704 -0.00217988976956641 -0.0740080605682686 0.0435824010559116 -0.0486729852590933 -0.0764071956027427 0.0260570843806265 -0.0494013359386051
23 -0.0927857186435228 0.0650423185479643 -0.0166545992163688 0.0298944826425544 -0.175044193878049 0.173649741718437 -0.0909781127595663 0.0522585985415805 -0.0496113244022796 0.154275114786486 -0.0696762949367868 -0.115707999960152 -0.0378910328424587 -0.0406363056698206 0.0582161670905805 0.0247920175859137 -0.107348780692211 0.0249348072542301 -0.0197909515436295 -0.0924757037413294 0.074462892792658 0.00596760566692021 1.18122754845638 0.00561115941464279 0.1164035491004 -0.220341913800228 0.010179064767424 -0.175004514243049 0.0719836453739597 -0.123634807717168 -0.0282375932833468 0.0111025598590199 -0.101649784176631 -0.0690369460556758 -0.0737586562154225 -0.129916210179354 -0.183315929987876 0.0272983490782464 -0.0202136485488755 -0.0192391785477227 0.0328925670588038 -0.101878144309822 -0.131141253267208 -0.0713284638193569 0.120289570154043 -0.0569487568801099 -0.0716271345731131 0.201489972768926 -0.19123425036399 0.165193327637586 -0.173632466517422 0.102380142163939 -0.0126742480830181 -0.0103598444171307 -0.222569295258627 0.0473941357470709 -0.0903164336332671 -0.0445653254503681 -0.129155457672262 -0.0389431107666012 0.171031778818876 0.0392340903543969 0.0833300154981621 -0.104567030526625 0.0977364412581047 -0.122952507613545 -0.0538483459101817 -0.00293318752230783 -0.0784719723212596
24 0.0988542250323044 0.0850463590653459 0.0184051998440316 -0.0958570582846198 0.0246696994720283 0.0810133134418145 -0.0641228038404026 -0.010020963315404 0.022791081270836 -0.00171290324827737 -0.0560225263689451 0.158510465036459 -0.03087956129716 -0.0217709538734204 0.0459862045588323 0.048771019145764 0.0742143298445827 0.0688683543523337 0.140889416751227 0.0186340119576391 -0.00493028961113598 -0.0165376368830471 0.00561115941464281 0.513522983935382 0.0304932686555337 0.0148417419476732 0.0234363876145692 0.107822491599936 0.0257442684637759 0.00581880261334708 -0.0370467550242709 -0.119280140843728 0.0211627499370204 -0.187001639519823 -0.0727848039027518 -0.0845089249760778 -0.0345626281130709 -0.106710017235774 -0.0137852832186605 -0.0979996095317374 0.144977235282681 -0.0210371859064591 -0.160364288347931 -0.0290167678386365 -0.062952736325201 -0.0406577045241629 0.0835940985071052 -0.0676377297704757 -0.000151997853320685 0.124331661247804 0.0326149698536414 -0.16110021050993 0.00742040727955117 -0.0563617722493273 -0.0637534149720261 -0.224486396393458 -0.017187605883866 0.00683916778541752 0.0301305180061171 0.150121204779533 0.0469166409457596 0.120651351131062 -0.052841413928208 0.191858384594101 0.0414344914160054 -0.00877293365508311 -0.0801761095842659 -0.00692617987408637 -0.149139231555505
25 0.0619328867552118 -0.0880307686747269 -0.0416859993577744 0.0984812888164366 0.0311568747242496 0.0308408181331694 0.0828972481624826 0.0727634915808728 0.0317160882732403 -0.0111602607268102 -0.0570261246854177 0.0372498454759767 -0.0290098920891167 0.0084978914128086 -0.0191795489267181 -0.115196116943177 0.0110281103555611 0.0498361739585512 0.0552746957046714 0.051147496347287 -0.0187675167261353 0.161529022847168 0.1164035491004 0.0304932686555337 0.689126068431478 -0.0948928169905114 -0.112854795375785 -0.0445034580550664 -0.143762390548039 0.0310425701271103 -0.013745003734839 -0.146375966408107 -0.00878716459738139 -0.101208955667446 -0.0369433535190265 -0.00219857649547407 -0.0641271071142151 0.0205287527686109 0.0579846929498724 0.0285165880200178 0.0661244649273178 0.0163010983852198 0.0821241291401649 0.0268830916809438 0.00578382797840566 -0.0155984725968107 -0.132703139535265 0.0854102107164776 -0.0289028980691251 -0.0489084311271611 -0.138232435497539 -0.0268090075019334 0.00686344816845164 0.0226053145204883 -0.0913573569948392 0.053590385041933 0.0553016809768281 -0.0323922717897435 -0.041245635303149 0.0997065095337759 0.00867110652897583 0.0395625028815749 0.0117523815363277 0.037602197929702 -0.0671788606201676 0.000512264532197065 -0.0894276898942722 -0.0486168469309107 -0.055294059281003
26 0.0367045989631298 0.00387887243514196 0.0687438436967683 -0.166530685900922 -0.00945738723242491 -0.153577361603245 0.145245251905565 -0.174255234468557 -0.0342366072775925 0.0740986963048663 0.0591963256391822 -0.0115144971129182 0.0201230299837794 0.168160774570506 0.119485805536087 0.00184501276937038 -0.0507333416377355 -0.0766706436777291 0.0295513103004477 0.0378620528621117 -0.0643329897453165 -0.00594493739113961 -0.220341913800228 0.0148417419476732 -0.0948928169905114 0.816668886231363 -0.086450672640764 0.0646256395206502 0.0538642405987668 -0.0835752183518828 0.0287659536778516 -0.0979151974387473 -0.0190999547676337 -0.081977756321216 0.0555490818919423 -0.02662882591577 0.0591114638828197 0.0732139760324844 -0.0251978203458745 0.0101757270035782 -0.0695016183874879 0.079237198604869 -0.0742761540781943 0.12491620307328 -0.0856971894135121 0.0227675622351462 -0.134734190797196 -0.0697106291743565 -0.0545272226182728 0.0449235564236422 0.065756752329892 -0.111177623558617 -0.0269549442273638 -0.00884362135292465 0.0581134924429917 0.0554334158962844 0.0231728599905256 0.0407234176625654 0.063790779777451 0.0884070600101705 -0.0193986527061845 -0.0997616867392216 -0.0312692830888095 0.114580353763916 -0.17914571026088 -0.122806216482589 -0.0140421244713445 0.0420100323251623 -0.130727791547223
27 -0.1168753648568 -0.122356672581148 -0.0914399787349465 -0.0754205363203071 -0.0590884604222223 -0.0767460752807827 -0.0798898886327142 -0.0492682713377473 0.234331700425621 -0.157618283728983 -0.0697685004004893 0.00606626970364817 0.103193981438556 -0.0288798417899349 -0.0356928050867047 -0.0210013831536276 0.0212823504167879 0.073889054329096 -0.131629923419531 0.0984864204205201 -0.0174641534352456 0.0820798083446431 0.010179064767424 0.0234363876145692 -0.112854795375785 -0.086450672640764 0.925492799272159 -0.0395023646735844 0.104611028312767 -0.0434156851255152 -0.160948166358462 -0.0429145962854743 -0.00903288148860131 0.0937779158482417 0.104896693299582 0.0393374005190943 0.0962714821907868 -0.069173523387579 -0.0790669511386197 -0.0359246672069492 0.0461723761443919 0.0536779062075752 0.0848859570830157 0.0211411870240377 0.0370620277798017 0.112163206411967 0.0458897860955396 -0.00540366101158328 0.0331968608001413 0.122574234496538 -0.01715690829253 -0.0935885922112179 0.066970709532672 -0.0340155595637611 0.0160627841651273 0.00340726916757064 0.0343399916289048 -0.0455298009788122 -0.0529043866944734 -0.0414458379223425 0.00168261683274346 0.0220183534812297 -0.0156520009625402 0.00241923804534169 -0.0662970684225674 0.127317627484839 0.129273381719462 -0.096634424171018 0.038468793228803
28 0.0817097749950159 -0.0224953134193239 -0.01948845374162 -0.200365989543417 -0.124478640117669 -0.101014714068883 0.0204796647957541 -0.0754508557667033 -0.0735006615814755 -0.00892153557161907 -0.0898333327910453 0.0514221642695885 0.0424380503891282 0.0430184295403801 -0.111182215938057 -0.0261741376252833 -0.0305656132779547 0.117172982841263 -0.0291677499094661 -0.0440734732662606 -0.137590137266554 -0.121645711579516 -0.175004514243049 0.107822491599936 -0.0445034580550664 0.0646256395206502 -0.0395023646735844 1.15381522444634 0.0767267777595412 0.0817583145017657 0.0966262369238095 -0.0296137495387847 0.0160377459092513 -0.0444677045356692 -0.0623725314886289 0.153807030992025 0.059392235162798 0.0108185989671396 -0.0864218274238678 -0.0476965540026307 0.0617506658050685 0.130845554380618 -0.133514212310657 -0.0257378782433862 -0.017191086498767 -0.0844587422342475 -0.17674488248167 -0.0154711349872586 0.247686601274092 0.103752318711949 0.0270847361145317 -0.042818635901381 0.0480272112256833 -0.0247385733028988 0.144149952213151 -0.00157781377078158 -0.0412939720411444 0.0904329830864651 0.0523036590926479 0.0259938441066527 -0.0899184380084489 0.107625818828006 -0.0665632850954977 -0.0225563962678365 0.0044063936855028 -0.0863834463275332 -0.0505582342842597 -0.141011199437704 -0.021497354672153
29 0.00442811838545285 0.034623702924407 0.00303476068254544 0.0268523437410921 0.140882724482767 0.0994772365865126 -0.0802467605802027 -0.169815813813212 -0.168222668705278 0.168493469663262 -0.0409462836194972 0.0131557351705283 0.117322085911056 -0.127178919556756 0.115010619463645 0.073137519002795 -0.186368389217772 -0.0985973328598255 -0.114642478789522 -0.162163553466254 -0.178842307562659 -0.0939192199498026 0.0719836453739597 0.0257442684637759 -0.143762390548039 0.0538642405987668 0.104611028312767 0.0767267777595412 1.3568935446135 -0.0922413314217248 -0.0794297184774982 0.0610427734199942 0.0443085159132998 0.0285750539283589 0.0746018563242089 0.0812413556568591 -0.0624912866785909 -0.150694376438955 0.0402105192135093 0.205439333419661 -0.121717154583494 -0.339429082480122 -0.024281161864391 -0.026135307701765 -0.108159389492763 0.0703992848639597 0.00259248310376348 0.00306477248226098 0.29018954015415 0.0726406392969971 0.133871152788584 -0.166453169106485 0.00511341503870974 -0.0379190606940746 0.0395959574790041 -0.0242507922318889 -0.000254187618300806 0.0293249580387538 0.0506979476652353 -0.0209903638140783 -0.231389400384229 -0.126322341893122 0.0376164157734928 0.0435224925629213 -0.158603863273464 0.00914127711520094 0.0354951174837742 -0.150610665699747 -0.134382169996264
30 0.115790814602027 -0.0427801575358416 0.00388325554411792 0.0165439769318931 -0.0492916597079445 -0.105716124535596 -0.177805001873419 0.077060908398885 0.0828619006730789 -0.161241902703795 0.0116207684337113 0.0309980224625133 -0.0114862636566264 -0.0545694712686992 -0.0465542190478336 -0.00166118755946331 0.0643705369044238 0.101821140271788 -0.0816007248811921 -0.105558784601326 -0.00824208039923873 -0.210366975003406 -0.123634807717168 0.00581880261334708 0.0310425701271103 -0.0835752183518828 -0.0434156851255152 0.0817583145017657 -0.0922413314217248 0.849851858056586 0.175134671988587 -0.132570520766419 -0.0186699493757677 -0.0577559351512334 0.0616088464325945 0.0396391970565608 -0.0339281155518045 0.062476307536422 0.158121294596915 -0.0627157881948537 -0.0145556588451479 -0.0033247642903538 -0.0306294684478545 0.102948768491323 0.047817800982757 -0.0800798515053353 0.0449230347558546 -0.133424691494392 0.0441722419294778 0.00380955571566404 0.0991996786273815 0.0557296367738503 -0.0294905354208277 -0.17066384423346 0.0933158742875131 -0.045273710781125 0.0867725572427264 -0.041713176291959 0.0733907113519699 -0.0491413282680163 0.0115363954281134 0.029594658102624 0.049666986673355 0.0637373961585469 0.11525690888223 0.0661120385523823 0.00927932944165711 -0.114108416177682 -0.0157289732860772
