1 0.970890726388316 -0.0755987813396115 0.110238821099494 0.0265047214751231 -0.0783758049877065 0.00333047616757629 -0.0434589492976646 -0.0421044574525421 -0.0238558185581934 0.0565862363308353 0.0911993401370592 -0.0525149408066211 -0.0538497622810828 0.0860222645285172 0.0596030520824742 0.0182090377426282 0.175643395094679 -0.168263159728935 -0.0471123108635526 0.0398053282961005 -0.0844829452125658 -0.0937734590551256 0.0631343523463618 -0.090431919837198 0.0182722459571481 0.0492688824717977 0.12326994382492 0.0569952323397884 0.028479758610372 0.109404599120451 0.0315435398434684 0.136311829264267 0.108606430116506 -0.100990540072657 -0.0853836501392595 -0.120686193845409 0.0600378012123875 -0.147387857152995 -0.0561996920446915 -0.0309900886478671 0.0466832239823361 0.0369123843428006 -0.071678296677638 0.0279024842487576 -0.087947063129113 -0.0260389206442119 0.0607512447956106 0.10020919434413 -0.0593893224567886 -0.0256231006198427 -0.0305457232461602 -0.221990737136448 -0.166678775220582 0.0530772131523504 -0.0365903402711606 -0.017054315590745 0.0833615359947735 -0.0413696948929195 -0.131343566150422 0.0486662961242029 0.120489626183211 0.0497107496396322 0.172352909164762 -0.0398981718750519 0.0269903355593306 -0.0501464789227009 -0.104980087008243 -0.0489919884612163 0.0489275895211709
2 -0.0755987813396115 0.796876086703657 -0.0949465754952807 -0.164470828862566 -0.0467948939106021 -0.125246331927453 0.100889756277484 0.193824809980906 -0.103356038847103 0.0200910242788256 -0.065418505292703 0.280914627971682 0.0890369934060367 0.0399833147306803 -0.0400667662887349 0.0142467721026953 -0.00844483083476695 0.238730476689897 -0.0940541109675809 -0.131052368949283 -0.060360543131822 -0.0475363016887978 -0.0447201318603508 0.229284635348948 -0.131010700386022 -0.0652608569817614 -0.0414781001556412 -0.0525986251372743 -0.0355359846008897 -0.119060107762701 -0.0336252306137644 0.005070820202782 -0.0606988751901137 -0.0273008027463687 -0.159956217103582 -0.0677970637607923 -0.0983376208851712 -0.105688614131706 -0.122054853614149 -0.0354426062431986 0.196732117885896 0.159872990894521 -0.0841214390710937 0.0249350203460834 0.316445608867625 0.280855745467751 -0.00633251344211855 -0.00737102448459435 -0.126906707961458 0.282311455411306 0.125499959870187 0.224828053431142 -0.0590767665225817 -0.00282855371974046 -0.0437209767876219 -0.0503771916622966 -0.0860324233502583 0.0395408101503616 0.208394237084237 -0.0998916527743413 0.0344413753900421 0.328424415620107 0.25960650501745 -0.0414082842766196 0.0181680933138388 -0.0532074810727249 -0.0673651944790519 -0.0253008298322971 0.0633634974233675
3 0.110238821099494 -0.0949465754952807 0.984977321151715 0.00711378745911628 -0.0578623851468012 0.177425028479908 0.052601727745598 0.0996018856858262 -0.0922999088723977 0.000862647276313584 0.178537844205766 0.0166860385486592 -0.0453307071701703 -0.0368884275411254 0.0578690115807685 0.202179650669348 0.0556598259203933 -0.147233304094789 -0.0649405100674361 -0.0926232728365307 0.0621942091405169 -0.118911027433041 0.0414783846856384 0.0766402167477123 -0.0631634909089401 -0.0318899122955551 0.00655392503140548 0.018178975140937 0.0587926184277455 -0.01541478323286 0.136852863892028 0.014145315487745 0.129622678445806 -0.0657871285092914 -0.194946448418119 -0.0154833682376055 0.0260069051387237 -0.0870422545015243 0.0331706551496147 -0.0390073482012494 0.122056744519466 -0.0715912444797463 -0.0591700157328408 -0.0493156046920784 -0.0526969843090135 0.0833746095518173 -0.057125811559692 0.0832910465884643 0.145298932702589 -0.0193893410984765 -0.121609452765617 -0.121612151139356 -0.132578696991324 0.0905526919795814 -0.0637750333454725 -0.0557973925524227 0.0132160171859894 -0.0494373797807941 -0.0444467988708662 -0.00353143698482401 0.00482072099495534 -0.114359871976662 0.13580009331618 0.0568790592635152 -0.148269293228784 -0.0591926642902875 -0.0012329907003905 -0.0291741141259499 -0.0555398826108354
4 0.0265047214751231 -0.164470828862566 0.00711378745911629 1.02304433949452 0.101346291451421 -0.0381726408522112 0.00525712375625072 -0.0731182429405602 0.0435179733603213 -0.124836935504972 -0.0589118276529145 -0.170189693350803 -0.0918351265380598 -0.000841908192902973 0.0799512486347698 -0.106596072474796 -0.126611055615798 -0.0826592740672096 0.151020279850327 0.113249748381006 0.159240850588183 0.0630708579858279 0.0907568219353719 -0.0750588717482823 0.182087554215095 0.0936685222830829 -0.00869454428310805 -0.00821109077037926 0.079663369495919 0.122250887455741 0.00210636353891028 -0.0249529053770916 0.00286551124894134 -0.0126018061246583 -0.0191472449206903 -0.0255133360294978 -0.0664347969870359 0.0631367898289823 0.0491244765491973 0.097430982760882 -0.120636838646323 -0.0712770668150908 0.0458793231791904 0.0596069907317516 -0.100938260601995 -0.1882398900074 0.036109863917299 -0.144528904540535 -0.0797727213537605 -0.102607490381127 -0.0227730556079402 -0.0179040402911991 -0.0232252084552034 -0.127606053633014 0.0385704173666077 -0.0616745930517751 -0.0419374017680936 -0.119222090100286 -0.142062351227452 0.0969429126215522 -0.0286536555695042 -0.145705882140754 -0.0787374917262234 -0.00864770586940375 0.0627891511467077 0.0444007266237084 0.0999347889009372 0.00121274606500121 -0.0847409849662279
5 -0.0783758049877065 -0.0467948939106021 -0.0578623851468012 0.101346291451421 1.10765693798107 -0.0163801093561446 -0.0639642200266574 -0.0451740428794935 0.0890112465216009 0.000820217630028204 -0.0388602277235083 -0.11436903220212 -0.0429219773290718 -0.0762873485979684 0.0928425618981204 -0.133348945534766 -0.0787658714682294 -0.0353017294539733 0.0800353757396192 0.036709785176686 0.0012654141998911 0.0185688818566124 -0.119263857033515 -0.0284650403257644 -0.0460332349249353 0.0460104401515197 -0.0131729763727691 -0.0242746997145879 -0.0656654203403632 -0.0216326189540566 -0.143512544991867 -0.03488699664467 -0.0610525481624677 -0.0465935754346521 0.125477806740099 0.0851881523751983 0.0458596019972655 0.103332311155534 0.0657333758434907 0.014096951868376 -0.14686632561421 -0.122491735497419 0.0576766456816807 0.0712938242553618 -0.0557209166301697 -0.126068441591906 -0.0458528878647489 -0.0875979781146135 -0.0816658315984957 -0.067454640671512 0.038657811315092 -0.0173677882932416 0.0531991335488195 -0.0846562211427333 0.0328335258061614 -0.0372363197232544 0.0171117159970988 0.0150206916830204 0.00504660906588893 -0.0195237771131186 0.0434906284139188 -0.137461881381184 -0.084328106224431 0.0297524766558727 0.0292309965340263 0.0179005972953627 0.123806540851958 0.00725416359432619 0.0382699984431249
6 0.00333047616757629 -0.125246331927453 0.177425028479908 -0.0381726408522112 -0.0163801093561446 1.01658144536069 -0.00404040367121526 -0.0579971691041805 0.112586275757972 -0.00366556973861069 0.0749255259210164 -0.0662171329042113 -0.0231255983247811 -0.0898099964476183 -0.0325372408609422 -0.119082620586469 -0.00416639318667186 -0.0832065011043886 0.0448767712911124 -0.0657457811593302 0.0797895031627106 0.0463563697690864 0.023781361674402 0.0181769949685183 0.0835888190606466 0.0543195999353296 -0.0109026033412128 0.0787617010356221 0.0230353671887754 0.112246523332273 0.0433172548739171 -0.0372753201755947 0.035294091869967 -0.071070597470106 -0.0627268809509377 -0.0191854275379963 0.0140146941427295 0.0406200597499511 -0.000453902798627626 -0.0145275734038558 -0.00512344920059081 -0.0834698064324694 -0.058663129170069 0.0268187748806014 -0.12033245579032 -0.0544586320190202 -0.0901882372745865 0.0393726709454468 0.0527676710673131 -0.0581113635302207 -0.0737688105697246 -0.0539528525572709 0.00971640151581788 0.109502183302276 0.0142142299977403 -0.127294228689377 -0.0178415762399656 0.0456364031713776 -0.11265196450452 -0.0461163178025112 0.0139962712835485 -0.184235537803617 -0.0755854713555581 0.081599283542585 -0.0823698769223722 -0.0284923897513076 -0.0276076156412016 0.0112692618936438 -0.066792118010768
7 -0.0434589492976646 0.100889756277484 0.052601727745598 0.00525712375625072 -0.0639642200266574 -0.00404040367121527 1.00991503711908 0.0522994380404679 -0.0407193806015981 0.0415323627960221 0.0257494581791162 0.0640974549300954 0.0820319607187324 -0.0348147631602323 0.036111185580621 0.0590005011367768 -0.0659372394924114 -0.0199423065134953 -0.0935783838026952 -0.0405474395500868 -0.0544746921205403 -0.0331942185473568 -0.0397423201691989 0.124313881429379 -0.0607806479315945 -0.046435403945857 0.0105102903377472 0.0132460525933992 0.0537017114540342 -0.0433420623045283 0.0549329759385416 -0.0236528668142917 -0.0308465861765869 0.053602102752799 -0.0650825121516868 -0.00354965133664974 -0.0572175849916792 -0.0256337086054672 -0.0181469444222641 -0.0728148386925272 0.100897173138936 0.0628674947930343 -0.0307382102258826 0.14542214511059 0.035283789700503 0.105138043098392 0.0167113141424206 -0.00595912942817664 -0.00134841145835333 -0.00276835105374319 -0.0336246828683962 0.150164783750984 -0.0607574389424412 -0.0397817578354677 -0.0285694141623524 -0.033797919277361 0.0309575117779458 -0.0746786254870027 0.0428975424180201 -0.0791247896356065 0.0221126508090908 0.0570904276592273 0.136650977100814 0.111953613412488 -0.0713799042691227 -0.120754349512844 -0.0364113266080324 -0.0126835123806822 -0.00432338711339266
8 -0.0421044574525421 0.193824809980906 0.0996018856858262 -0.0731182429405602 -0.0451740428794935 -0.0579971691041805 0.0522994380404678 0.95887690142799 -0.0737567437143393 -0.0404959612032947 0.12276676839522 0.265113290729232 0.279729669563034 0.0047388350801636 -0.049748114409125 0.249632977166384 -0.00864966329394455 0.124899621645068 -0.1094363010295 -0.151381457148252 -0.0171790412794646 -0.0867274881845685 -0.146805136245353 0.242895454862019 -0.143748453164943 -0.0497403280281199 -0.0253982652585863 -0.0886044650720124 -0.0491171340552923 -0.0697830552884003 -0.0317498126035573 -0.0625282041999399 -0.0211403523382154 -0.142282301649449 0.0319990498881576 0.0150014049976471 -0.0669589803390237 -0.155742679978314 -0.0725371754199104 -0.127189208257677 0.241715803080449 0.126308938826806 -0.142986440480572 -0.217466292425555 0.164111051474118 0.229994548505743 -0.0145174136282458 0.0127542235016973 0.0111201652286475 0.269335074251794 0.0351911598137328 0.0537602310180481 -0.176235481835256 0.0260543883268243 -0.0637693455080948 0.0132885701690562 -0.042512142494677 -0.0766509376431041 0.00487687284862579 -0.0650865191111882 0.0889413688141057 0.241437534160748 0.252739477916383 -0.0494220172258951 0.0346352392049434 -0.0831412453690444 0.0258845277561823 -0.0102570726994058 0.02388747438399
9 -0.0238558185581934 -0.103356038847103 -0.0922999088723977 0.0435179733603213 0.0890112465216009 0.112586275757972 -0.0407193806015981 -0.0737567437143393 0.951706876399775 0.0207409443990087 -0.0228334644541608 -0.15722533576222 -0.0231638067808436 -0.0157004090401124 -0.0841732439835183 -0.197590255285053 0.0418248110633432 -0.0530585968509445 0.0622793609218559 0.0548973152181676 0.0109906087474883 0.0713009898566301 0.0438533207675265 -0.101061920805222 0.115872417928889 0.0281978354291394 0.0400436168207983 0.0214187003359994 -0.0576034321945173 0.150110150327727 -0.038360190726855 -0.00433036346102527 -0.0406374720968909 -0.0194723526129191 0.0947497413442181 0.066960243009018 0.0354545342473798 0.108692661507684 0.0252910589302093 0.0424354992918378 -0.121454989343687 -0.0605013310267036 -0.0208533681564375 0.105247153196432 -0.096675314588613 -0.154592402067181 -0.100715439684279 -0.119365616080372 0.00667716783505224 -0.106708808260494 -0.0766924584444979 -0.0441725076522119 0.174173922046514 0.0539070301006789 0.159652232522362 -0.0672891531891359 0.00641010086538407 0.0155434470459113 -0.125658422286284 0.0923878690952619 -0.112870613435437 -0.141960549847074 -0.137258127401165 -0.03151452270355 -0.0806240889980068 0.0769227090192137 -0.036424645485027 -0.0305043862601495 0.0232654208102556
10 0.0565862363308353 0.0200910242788256 0.000862647276313583 -0.124836935504972 0.000820217630028202 -0.00366556973861069 0.0415323627960222 -0.0404959612032947 0.0207409443990087 0.981995996015324 0.0339829880461717 -0.0139959406116727 -0.107185030654744 0.0624487458465351 -0.0850895107391766 -0.0416764154847892 0.168763880461584 -0.097993111158208 -0.131139036034164 0.0191100564432178 -0.131869431072378 -0.0420567535578931 0.0332095531592378 -0.104420418085802 -0.0187009332915754 0.0264064508889595 0.0270379767816074 -0.0263735664774369 0.0423873716583808 -0.0256952979210831 0.00377725974156742 0.0604936675572936 0.0142409176786336 0.0561534675993813 -0.0684451146235606 -0.031729520857558 0.00178707444520038 -0.0695148162247988 0.158927476006247 -0.0227819862684217 0.0431866124619766 0.00178245792157182 0.085859416272296 -0.0567438005475242 -0.0368377773652192 -0.0144607461331397 0.0535954964825197 0.0253888129888897 -0.0373443145248378 0.0469023405095428 0.115666022775457 -0.0812722724152813 -0.0146504927828294 0.0296691709642637 -0.0539848479037374 0.0645020425841696 -0.00144038734743092 -0.00882636543746367 -0.0568359165298566 -0.0279666692008345 -0.0299612693123893 -0.0321048918448507 0.0288960280993699 -0.00610918812820132 -0.0965333808202119 -0.0406164950072109 -0.0621024578796775 -0.105449151940796 0.017473513164907
11 0.0911993401370592 -0.065418505292703 0.178537844205766 -0.0589118276529145 -0.0388602277235083 0.0749255259210164 0.0257494581791162 0.12276676839522 -0.0228334644541608 0.0339829880461717 0.869682084790365 0.0321207128686448 0.0631810460019533 0.0223417093517526 0.0240790329813846 0.188666534576024 0.112721043795496 -0.109593266797047 -0.105423581966634 -0.000458691542003455 -0.0454826122286188 -0.0193914986638086 -0.0207655111315488 0.0761686310835279 -0.0119268942482306 0.0796218865666919 -0.0484652493885683 -0.0683907375904252 0.0415403254623651 0.0326370134288131 -0.0250052383493734 -0.061399293487743 0.0562826413185051 -0.069284058456219 -0.158322669548057 -0.0332072290588759 -0.0523152233472994 -0.0957258755637938 0.0859461336805249 -0.155097980172517 0.0620359182001517 -0.0208369205728265 -0.0561080893837812 -0.0191348302303374 -0.0724221155146928 0.088129532367131 -0.0820458877066005 0.0709435968852952 0.0580336355127825 0.0110691045118213 -0.0542512146680081 -0.136265264618805 -0.096528449239184 0.0456672595856422 -0.0906096718696293 -0.0785509603402004 0.057283874290491 -0.0789635941950727 -0.0453795806100278 0.0199027871887369 0.0308341072227601 0.0229717796970956 0.152423487806041 0.0758600657587331 -0.0204162773906511 -0.0507343256889692 -0.0481693105080244 -0.0349076794925179 -0.0487003218896655
12 -0.0525149408066211 0.280914627971682 0.0166860385486592 -0.170189693350803 -0.11436903220212 -0.0662171329042113 0.0640974549300954 0.265113290729232 -0.15722533576222 -0.0139959406116727 0.0321207128686448 0.82872222927085 0.220318608724596 -0.00069340882751424 -0.0657063784721883 0.228523946320665 -0.0252192916926548 0.402497876116723 -0.0362855291759634 -0.158754661807217 -0.0515013168034353 -0.0767563440455647 -0.0934369285901091 0.33381167396587 -0.148785219849372 -0.0849267556921329 -0.0822770977288615 -0.0866803503892322 -0.0506276983078841 -0.0819519699606102 -0.0314716140581401 -0.0728392333234745 -0.0368691637738134 -0.155535482981027 0.0124537610870279 -0.0456855110858235 -0.176375808905933 -0.147381676086952 -0.100305218878903 -0.170180892288521 0.368989588263618 0.214204417323234 -0.0775220847747032 -0.0821008241066171 0.273685805783704 0.400541868917024 -0.0327655195432582 -0.033355110157303 0.00181889795650915 0.259383842458476 -0.0530831219713317 0.127970324938471 -0.178076359755555 -0.0833829715599273 -0.0565910197797541 -0.0407494181066362 -0.109919303589986 -0.0827291649344776 0.232490820887135 -0.0563622666902022 0.100543195455224 0.443175682773229 0.304954939022324 0.0836697214770987 0.0278670410620124 -0.0567816352849223 -0.0415815763377222 0.0114201685531214 -0.00661278779310522
13 -0.0538497622810827 0.0890369934060367 -0.0453307071701703 -0.0918351265380598 -0.0429219773290718 -0.0231255983247811 0.0820319607187324 0.279729669563034 -0.0231638067808436 -0.107185030654744 0.0631810460019533 0.220318608724596 0.799902292164373 -0.0236185212259432 -0.0321712532664679 0.21931598261745 -0.0191333748081563 0.105995939865354 -0.097457612339931 -0.0896056183943833 0.0253812135427215 -0.0532907588446672 -0.0805182587665373 0.310332889273247 -0.0657077250551899 -0.0476635977498374 0.0564845260362323 -0.00107222041887296 -0.0305561360453846 -0.0271113650182236 -0.0719484410739146 -0.0427282244805597 0.0152729902985574 -0.0363210928993915 0.0630622878177205 -0.0827146409759922 -0.0653311866150591 -0.128302273966155 0.00243096126043147 -0.182144468924234 0.235419467189998 0.120171256308846 -0.0508292209446131 -0.0859639213454564 0.190899806089839 0.268914958722811 -0.0116483318795381 0.0442487408022028 0.061139068291041 0.124077544943691 -0.0895912750346698 -0.00509231110608203 -0.139278258023725 -0.0098926425733816 0.0169690907840629 -0.00345018742334886 0.0661839018637466 -0.141757762740428 0.0960402167173428 -0.0341257061022911 0.0355878589369441 0.145957913305821 0.252080927313772 0.119278054590911 -0.0560206903309548 -0.0825557523835313 -0.0240936529417409 0.0375306012462554 -0.0748852765829151
14 0.0860222645285172 0.0399833147306803 -0.0368884275411254 -0.000841908192902974 -0.0762873485979684 -0.0898099964476183 -0.0348147631602323 0.0047388350801636 -0.0157004090401124 0.0624487458465351 0.0223417093517526 -0.000693408827514245 -0.0236185212259432 0.945410660102905 0.0719427486325187 0.0323844036066394 0.0941849206533616 -0.100155752138229 -0.00647543705902974 0.00657929908212747 -0.0874862210885385 0.063260446680978 0.0906785359748973 -0.0458442039021637 0.00426120544686936 -0.0705613231207822 0.0403230151429026 0.121903781010834 -0.0124377381970539 -0.0198686617569166 -0.0156458909073669 0.0920616050440472 0.000617783782657725 -0.0813007283095275 -0.158853715342089 -0.160798214367041 -0.0577597827201237 -0.129935527873269 -0.0626125554658305 -0.117776081711558 0.0919531285586598 0.102021479565606 -0.0655931254321809 0.07492629685113 0.0217175297343478 0.0198922226287137 0.0395949341945196 0.0731006074525367 0.0397875652565891 0.0212223957420926 0.0592627457990188 -0.105895731058175 -0.108982776524547 0.0631164511376723 0.000944579264333862 0.0724978975041659 0.0486332500368136 0.010372199231927 -0.0590018414678241 0.00238299437077084 0.069703063192079 0.142161157940757 0.150919643035214 -0.0117780584244588 -0.0131176257123559 -0.194461189699261 -0.0381229746735046 0.0128305581876742 0.0932431118342588
15 0.0596030520824742 -0.0400667662887349 0.0578690115807685 0.0799512486347698 0.0928425618981204 -0.0325372408609422 0.036111185580621 -0.049748114409125 -0.0841732439835183 -0.0850895107391766 0.0240790329813846 -0.0657063784721883 -0.0321712532664679 0.0719427486325187 0.994518526931689 0.0634362721074657 0.0448132540266437 -0.0944462972590346 -0.0116396723123961 0.0937986741330494 0.0183764477379555 0.0180256220642674 0.0363801361583795 0.0313798969823312 -0.000409616678853149 -0.00355207381187221 -0.00650405334941833 0.0119188217115993 -0.00297083214177282 -0.0102602190585933 0.0128984750186238 -0.0318773503447384 -0.0405382686856008 0.076413175563708 -0.0607652764365182 -0.123682230763522 -0.0472098807032076 -0.0799458641850316 -0.0129041328970557 -0.129822204504388 0.0464999006830536 -0.0942046714413861 -0.0306751572797687 0.0635532282837787 -0.0896344575900548 -0.0361955544548649 -0.0408026965351671 0.0320052677464951 0.0657533582290346 -0.111447139723201 -0.0508709780644838 -0.0736625230122539 -0.16979975445171 -0.116708373544381 -0.0341457949588968 0.0842035370414303 0.0466122244660065 -0.00378899540990086 -0.0035393780835605 0.0320651426989852 -0.0313287881316103 -0.0782703125060606 0.0475191897408345 0.0763980764022172 -0.00153621912366433 -0.0678283118882275 0.0431798745907287 0.0340531166692994 -0.029511757714412
16 0.0182090377426281 0.0142467721026953 0.202179650669348 -0.106596072474796 -0.133348945534766 -0.119082620586469 0.0590005011367768 0.249632977166384 -0.197590255285053 -0.0416764154847892 0.188666534576024 0.228523946320665 0.21931598261745 0.0323844036066394 0.0634362721074657 0.920529471483344 0.0657922380882471 -0.0379573590992785 -0.17687480637421 -0.0541241405063156 -0.00110263854397894 -0.159790258713911 -0.0890172783779286 0.230428693449628 -0.183309379793881 -0.0648128493307173 -0.0931523657092581 -0.150208397020806 -0.0194970647892811 -0.088895670456339 0.000701381081301925 -0.0248863566121403 0.0986802022838098 -0.0238814757624158 -0.144081257459489 -0.0107179322989586 -0.144163266956603 -0.172426125781799 -0.0645137771683982 -0.143286706661221 0.336625728760189 0.0272604770544112 -0.100666192988393 -0.133950559879628 0.067778189558658 0.222547102804603 -0.00489271290089181 0.166307083274569 0.276697007624005 0.0560366307800615 -0.00730785251544296 -0.0670658910822082 -0.206539437002589 -0.0579466091747428 -0.00793067719692726 0.0897322113994676 0.0585288976693111 -0.16978966278472 0.0224465909851963 -0.0346598797267111 0.0528961719947275 0.138802904561253 0.214578994193022 0.116638024424999 -0.0780295571738852 -0.152592048555675 0.0956987370812892 -0.0305746974787114 -0.0347297822763496
17 0.175643395094679 -0.00844483083476696 0.0556598259203933 -0.126611055615799 -0.0787658714682294 -0.00416639318667186 -0.0659372394924114 -0.00864966329394454 0.0418248110633432 0.168763880461584 0.112721043795496 -0.0252192916926548 -0.0191333748081563 0.0941849206533616 0.0448132540266437 0.0657922380882471 0.942403564824294 -0.203727835395035 -0.0625967168734402 0.104551968587929 -0.120818997036681 0.030302936802563 -0.0103049900015885 -0.103600637047733 0.0470108255605085 0.0687398426923247 0.0469560912819069 -0.0387552322548103 0.0151418100766901 0.0285540037351746 0.0529940810413462 0.107025841384286 0.0132812968612318 0.0723811510023622 -0.151736522016868 -0.131509929245192 0.0115463344163854 -0.0694004672978172 0.053306697931919 -0.0676672094796122 0.0523358456512881 -0.00679296772238526 -0.0675334292562943 0.0210957579345853 -0.102971220494046 0.025857700183694 0.0270199004593684 0.0299682306560109 0.0912239847140394 -0.0794465473655631 0.026367106776997 -0.136890080054521 -0.120584469605114 0.0202053037982847 -0.038246262734336 0.0566750466011563 0.0260491394043161 -0.0606267920354868 -0.121596364620039 0.0395219296036816 -0.0492305709707336 -0.00350423956453426 0.0570134864256902 -0.00720385621272401 -0.0989897705751806 -0.0402864503464012 -0.0951276344325304 -0.01661241728309 -0.00399122112244486
18 -0.168263159728935 0.238730476689897 -0.147233304094789 -0.0826592740672096 -0.0353017294539733 -0.0832065011043886 -0.0199423065134953 0.124899621645068 -0.0530585968509445 -0.097993111158208 -0.109593266797047 0.402497876116723 0.105995939865354 -0.100155752138229 -0.0944462972590346 -0.0379573590992785 -0.203727835395035 1.04912120535694 0.0495207910579017 -0.0636870702022031 -0.039797342186211 -0.0374444784306843 -0.0280845384172989 0.133006842860002 -0.0869175680750851 -0.0630320166182802 -0.146167805352673 -0.0726071846935051 -0.135484584252473 -0.00215844088946816 -0.0624456017703976 -0.111638176755948 -0.0977237739459626 -0.0955402048925708 0.125314155175767 0.029814650336884 -0.0434743193735896 -0.013559918057552 -0.142643509934836 0.0130304042030041 0.0372740137863284 0.302851612014143 0.00442710822729963 -0.0631748889413244 0.364952304227212 0.176575182495941 -0.0299077698535935 -0.141806743289923 -0.0693327727887594 0.338030971257179 0.021822443801296 0.270656592693455 0.0675370928787214 -0.189518272805455 -0.027139918108172 -0.0709746905560747 -0.170834599939271 0.0570578331477671 0.327955939913339 -0.0837938276181179 -0.0947571426325139 0.331185621687434 0.019669053316462 0.00842393003159811 0.0943595142497507 0.0166284256230725 -0.0284433492329275 -0.0562551372425965 -0.0173324146224167
19 -0.0471123108635526 -0.094054110967581 -0.0649405100674361 0.151020279850327 0.0800353757396192 0.0448767712911124 -0.0935783838026952 -0.1094363010295 0.0622793609218559 -0.131139036034164 -0.105423581966634 -0.0362855291759634 -0.097457612339931 -0.00647543705902974 -0.0116396723123961 -0.17687480637421 -0.0625967168734402 0.0495207910579017 0.953517184697929 0.0780436813069217 0.0354449304073272 0.0674587777361473 0.0477683886787942 -0.174246710222897 0.105185153786109 -0.0565125043264145 -0.182496181190971 -0.0235430917997006 -0.0771058941371809 0.0376870764068936 -0.0281181957120303 -0.0650277218126043 -0.0714632476751574 0.00312099654779146 0.197596757728648 0.0324247742304554 -0.0419812883867744 0.0689094318952156 0.0387466697906515 0.0848648974297289 -0.148856609149977 -0.0428960762776928 0.080256239452797 0.0234961446364775 -0.0464332275802145 -0.0983049669968488 -0.00129318116260677 -0.0854235909839538 -0.0219097108453778 -0.129683708975572 -0.11430503642708 -0.0362073235522197 0.100223359332526 -0.0143272089230723 -0.0161744294177887 -0.0384342549711029 -0.0563788176032153 -0.0308240104660169 0.0190951876774632 -0.0147467307127461 0.00642289425702801 -0.0204758975712328 -0.156650555491513 -0.0882873975886197 0.12109483070172 0.104085006815973 -0.00586604089166985 0.0828381420694141 0.0413477218410789
20 0.0398053282961005 -0.131052368949283 -0.0926232728365307 0.113249748381006 0.036709785176686 -0.0657457811593302 -0.0405474395500868 -0.151381457148252 0.0548973152181676 0.0191100564432178 -0.000458691542003456 -0.158754661807217 -0.0896056183943833 0.00657929908212747 0.0937986741330494 -0.0541241405063156 0.104551968587929 -0.0636870702022031 0.0780436813069217 0.94936483091212 -0.00690601992255733 0.00154613827643856 0.0499900587077398 -0.174351941300958 0.0440458039696781 0.0867179269697456 0.0467377546938252 0.0399103558181221 0.0315687061000467 0.0482372976751879 -0.0510475181011171 0.111478333149028 0.0156301550480204 0.078665814877322 -0.0412775832588274 -0.08070301068448 0.0682288185979709 -0.0369372370140405 0.127032069782376 -0.031246891521861 -0.0937465326670901 -0.0423688853839184 0.00853527747893911 -0.0193975964618881 -0.0500886699865735 -0.135231052258472 -0.0615577373308576 -0.0155646996528728 -0.0778888977645839 -0.140939599455523 -0.0420912218320355 -0.0535800920716034 -0.0167945840573605 -0.000378534230736861 0.0498455933208588 0.0272015336306482 0.0497070460720467 0.0795106237759968 -0.132349319720307 -0.023339340801308 -0.110182732695146 -0.0696918542155858 -0.160573536225479 -0.10836939643127 0.00635859968732891 0.0370620702779013 -0.0137265830416269 -0.000817042533755197 0.0683373883018037
21 -0.0844829452125658 -0.060360543131822 0.0621942091405169 0.159240850588183 0.00126541419989109 0.0797895031627106 -0.0544746921205403 -0.0171790412794646 0.0109906087474883 -0.131869431072378 -0.0454826122286188 -0.0515013168034352 0.0253812135427215 -0.0874862210885385 0.0183764477379555 -0.00110263854397893 -0.120818997036681 -0.039797342186211 0.0354449304073272 -0.00690601992255733 0.970510199525345 0.0713226423934455 0.0613015612358314 0.00181090206977686 0.0147033596893939 -0.0432162118774886 0.0891235609418069 -0.010437106253191 -0.0857009419751916 -0.0418151261541845 -0.0197709411613125 -0.0212425456918537 -0.0240373365517269 0.0148551890047063 -0.0760864525803054 -0.0420802808698306 -0.0817928432109505 0.0780587597349451 0.0231652045678604 -0.0300081768820221 -0.00943405422699009 -0.0832046682239465 0.0595320189667718 -0.0890704717612396 -0.10931756704774 0.0107731383677377 0.0429983839356773 -0.0582102144948115 0.0346413087275697 -0.116565631144736 -0.0128698830773127 -0.0940136627295376 -0.0743797918026242 0.032081416581011 -0.020425884272583 0.0338233822478993 -0.036697681507606 -0.0278865644711227 -0.00914206295552249 -0.0021163862252067 -0.0301833154932792 -0.0274136418271364 0.0258387037849942 0.0356176832115395 -0.00559437958517507 -0.0513406352202789 0.0303208333596196 0.0896668661996196 -0.00960264857763
22 -0.0937734590551256 -0.0475363016887978 -0.118911027433041 0.0630708579858279 0.0185688818566124 0.0463563697690864 -0.0331942185473568 -0.0867274881845685 0.0713009898566301 -0.0420567535578931 -0.0193914986638086 -0.0767563440455647 -0.0532907588446672 0.063260446680978 0.0180256220642674 -0.159790258713911 0.030302936802563 -0.0374444784306843 0.0674587777361473 0.00154613827643856 0.0713226423934455 1.08678974350445 0.0150348266581112 -0.129943718380509 0.0878010485235583 0.0995603789426724 -0.00599401813051255 -0.0290812782639845 -0.0272183127616158 0.115960840179347 -0.113901825694713 -0.105558534770915 -0.0917720189979176 0.0233642563403176 0.0327392829427142 0.0594131815450946 0.112843921893899 0.0458593483099178 0.0776200974873143 0.100658778380781 -0.203521485143154 -0.0301490399437247 0.0645038444470531 -0.000137973549659177 -0.145779849913742 -0.0917427766227383 -0.187595319404613 -0.0215970850980519 -0.0686747958454818 -0.0291594886189455 -0.04825083612285 -0.140101861296289 0.17072036290745 0.07514604072926 0.0285638899298776 0.0735171562812527 -0.0334045033008859 0.0570792039459547 -0.0915879290409026 0.0183114814097379 -0.102574410644559 -0.0121448170286329 -0.16113719932402 -0.0800146999911567 -0.0160171616079057 0.00817497775424223 -0.0153328445575159 -0.0560137639330901 0.0352977993198067
23 0.0631343523463618 -0.0447201318603508 0.0414783846856384 0.0907568219353719 -0.119263857033515 0.023781361674402 -0.0397423201691989 -0.146805136245353 0.0438533207675265 0.0332095531592378 -0.0207655111315488 -0.0934369285901091 -0.0805182587665373 0.0906785359748973 0.0363801361583795 -0.0890172783779286 -0.0103049900015885 -0.0280845384172989 0.0477683886787942 0.0499900587077398 0.0613015612358314 0.0150348266581112 0.958135889170252 -0.11111384090711 0.19117728038746 -0.0115957051393015 -0.125871081187289 0.0402534955460124 -0.175055484538842 -0.0574833764844273 0.0689267107152544 0.0323322689279027 0.0267100584824365 -0.0456583858396275 -0.0954961998986888 -0.0337927338802495 -0.0637139500900922 0.039907772712674 -0.0301067488891333 0.0572530515241667 -0.026171584548742 0.0342578601227201 0.0488628315975015 0.0288644034662517 -0.000167993588913722 -0.116975371484839 -0.0293836600244204 -0.0724150028069095 -0.00259327900291545 -0.0970933846410413 0.0133250962447334 -0.129593285664984 -0.0146249794500536 0.0849026211844808 0.0279502352727733 -0.00986526032854169 0.0318377823389646 0.00308502203528788 -0.15076633145777 -0.0394263753680407 0.00524252493623033 -0.0318245079686509 0.0137101381382449 -0.0142802865415582 0.0072984035771741 0.0558274437475682 0.0458104600149363 -0.0364241491280026 0.0698347194649664
24 -0.090431919837198 0.229284635348948 0.0766402167477123 -0.0750588717482823 -0.0284650403257644 0.0181769949685183 0.124313881429379 0.242895454862019 -0.101061920805221 -0.104420418085802 0.0761686310835279 0.33381167396587 0.310332889273247 -0.0458442039021637 0.0313798969823312 0.230428693449628 -0.103600637047733 0.133006842860002 -0.174246710222897 -0.174351941300958 0.00181090206977686 -0.129943718380509 -0.11111384090711 0.859649524973081 -0.121110764649046 -0.0121329010109439 -0.0185443320122284 0.0173087707640956 -0.0216358645570564 -0.0450723806068507 0.0290313087026624 -0.121934325158704 0.00760679239274365 -0.0644131579057756 -0.14177491987329 -0.108675030759243 -0.0860609050586723 -0.0577983857734344 -0.150263331829748 -0.153426202431758 0.323553990099145 0.0465904354006799 -0.158952160752936 -0.0864832451206453 0.133860085477048 0.324447712287106 -0.0426777605212779 0.0484359526653898 0.0366513207087999 0.265849298166341 -0.111080133537568 0.175266394586841 -0.128801281261818 -0.0466540646992861 -0.0790716663985723 -0.0695034853303494 -0.00769571369301571 -0.0267347198205413 0.184965196840991 -0.042123718122786 0.0776448164663125 0.202701465659592 0.217943244861444 0.280120909710202 -0.0680513058452471 -0.0661587409093573 0.0171934842371548 -0.00991220583122099 -0.0783491603283553
25 0.0182722459571481 -0.131010700386022 -0.0631634909089401 0.182087554215095 -0.0460332349249353 0.0835888190606466 -0.0607806479315945 -0.143748453164943 0.115872417928889 -0.0187009332915754 -0.0119268942482306 -0.148785219849372 -0.0657077250551899 0.00426120544686936 -0.000409616678853159 -0.183309379793881 0.0470108255605086 -0.0869175680750851 0.105185153786109 0.0440458039696781 0.0147033596893939 0.0878010485235583 0.19117728038746 -0.121110764649046 1.03169630030999 -0.0952914816743551 0.0170017516357568 -0.043560535324146 -0.109045217381383 0.0532736497726705 -0.0424059374871484 -0.0675695426987753 0.0100839021536312 0.0483148102412996 0.0604073556535363 0.0422054289788305 0.015985002183107 0.00858799169943237 0.0797854047035152 0.0628581029711245 -0.154149212106126 -0.100398815632865 0.0195181313173967 -0.0166839579583688 -0.100830315250482 -0.210689575763208 -0.0853793127735886 -0.0828907857517415 -0.023063850806158 -0.0739576276041572 -0.0125855060939621 -0.0728070394542431 0.10948616764981 -0.0997113228785377 0.0523777993114735 0.0184386033441611 0.114658997446985 0.0828944326628663 -0.121983723062862 0.00515615853677646 -0.0521619320019063 -0.116453100006044 -0.14014221142942 0.0278346037938535 0.051691831156265 0.125146786114313 -0.0199301548952255 -0.0173320298602751 0.00754891756089794
26 0.0492688824717977 -0.0652608569817614 -0.0318899122955551 0.0936685222830828 0.0460104401515197 0.0543195999353296 -0.046435403945857 -0.0497403280281199 0.0281978354291394 0.0264064508889595 0.0796218865666919 -0.0849267556921329 -0.0476635977498374 -0.0705613231207822 -0.00355207381187221 -0.0648128493307173 0.0687398426923247 -0.0630320166182802 -0.0565125043264145 0.0867179269697456 -0.0432162118774886 0.0995603789426724 -0.0115957051393015 -0.0121329010109439 -0.0952914816743551 0.998956067285543 0.015152759385303 -0.0223152443131508 0.147531282678539 0.0271474707823053 -0.0215544941236497 0.0237360529559434 -9.093052251658e-05 0.0531718559402804 0.0537470143467871 -0.0256161620468141 0.105097028163472 0.0930239962639615 0.0482848588259947 0.0272408789351203 -0.0491514068187424 -0.0679597484568187 0.00548397767482772 0.0158917776165511 -0.134479035810118 -0.095249011333508 0.00191320832027586 0.035868321950619 0.0210363759919448 -0.00484603922390163 -0.0325957706935312 -0.0619505288835154 0.0909822145386641 0.0216061512768139 0.0245855817026185 -0.0316610695177565 -0.0628292074569935 -0.0192202629855767 -0.114884164286355 0.0499081494993272 -0.0852888428990611 -0.130888018316368 -0.0814506083303037 -0.0622288629694639 -0.0745437972660641 -0.000275714460808239 0.0399616271923231 -0.0528415982279664 -0.0208841025607913
27 0.12326994382492 -0.0414781001556412 0.00655392503140548 -0.00869454428310804 -0.0131729763727691 -0.0109026033412128 0.0105102903377472 -0.0253982652585863 0.0400436168207982 0.0270379767816074 -0.0484652493885683 -0.0822770977288615 0.0564845260362323 0.0403230151429026 -0.00650405334941833 -0.0931523657092581 0.0469560912819069 -0.146167805352673 -0.182496181190971 0.0467377546938252 0.0891235609418069 -0.00599401813051255 -0.125871081187289 -0.0185443320122284 0.0170017516357568 0.015152759385303 0.964424841585669 0.133308626387756 0.0135245960235239 -0.00212159527448653 0.0591258590402311 0.0640547810574527 -0.0357593828028998 0.0256148157383782 -0.153147495320469 0.0774737497982553 0.0569210939021832 0.0817871682370181 -0.0325447830415641 -0.0328599790594283 -0.00461558340432401 -0.0826885090273262 0.0297563591935726 -0.0473245912597404 -0.0817547859295615 -0.0758156779909142 0.0226405684485822 0.066490162208392 -0.0523212756623976 0.00707399026500162 -0.0158384488873249 -0.142741072611704 -0.0321231262563845 -0.0292480496147818 0.0591614402803012 -0.0720278202106096 0.0291895740789806 -0.000808865857291284 -0.0492860858642161 -0.0698541350139246 0.0286548262666697 -0.0608064583751236 0.0486241385649461 0.0147982263520903 -0.0603775713040178 -0.0547487917452755 -0.0442126114173359 0.0791311988213041 0.0146314620051598
28 0.0569952323397884 -0.0525986251372743 0.018178975140937 -0.00821109077037925 -0.0242746997145879 0.0787617010356221 0.0132460525933992 -0.0886044650720124 0.0214187003359994 -0.0263735664774369 -0.0683907375904253 -0.0866803503892322 -0.00107222041887296 0.121903781010834 0.0119188217115993 -0.150208397020806 -0.0387552322548103 -0.0726071846935051 -0.0235430917997006 0.0399103558181221 -0.010437106253191 -0.0290812782639845 0.0402534955460124 0.0173087707640956 -0.043560535324146 -0.0223152443131508 0.133308626387756 0.99163595380127 0.0732292292616842 0.0583707254858422 0.0786829922776774 0.060832072792622 -0.0596508402432111 -0.0672775294562326 0.0387437922771105 -0.101741349687623 -0.0631326207457648 0.0621506816163821 -0.10211386067273 0.0434561505784662 0.0360144012521269 -0.00721449346482288 -0.0135575092323237 -0.0539247775821682 -0.0214680086029567 -0.0501233348097141 -0.0334524841481687 -0.03906244345706 -0.0526388461433153 0.00553153157498256 0.00246632273426855 -0.00838715949107908 -0.00681822511544756 0.0232297602403615 0.105683958660531 -0.0842690065550143 -0.00352726187799694 0.0472190945463629 -0.019436126423534 0.00564142224055453 -0.0536257557913254 -0.0282621294055908 0.00676022206611739 0.0659055407873974 -0.00901586534426328 -0.0881020165570747 -0.00217302794829898 0.0639688353624343 -0.0210823683107683
29 0.028479758610372 -0.0355359846008897 0.0587926184277455 0.079663369495919 -0.0656654203403632 0.0230353671887754 0.0537017114540342 -0.0491171340552922 -0.0576034321945173 0.0423873716583808 0.0415403254623651 -0.0506276983078841 -0.0305561360453846 -0.0124377381970539 -0.00297083214177283 -0.0194970647892811 0.0151418100766901 -0.135484584252473 -0.0771058941371809 0.0315687061000467 -0.0857009419751916 -0.0272183127616158 -0.175055484538842 -0.0216358645570564 -0.109045217381383 0.147531282678539 0.013524596023524 0.0732292292616843 0.983656627564019 0.0995273672522485 -0.0406517787937584 0.121908100977119 -0.00463710112463459 -0.00348633416759014 -0.0559430024029062 -0.053031166868201 0.0344294773811368 0.0914427892508866 0.000172878559473766 -0.0289179935551433 0.0146413848064677 0.0106101057651288 -0.0116470189993535 -0.00583635052593471 -0.0347108308198964 0.066639866025134 0.00795799068929092 0.105738814782628 0.0256157968367836 0.072808821282672 0.028814350542 -0.0425546206739455 0.0161048163113877 0.0218884648920905 -0.0312711217615154 0.0257715186718667 0.0635538170492065 -0.0914377992755845 -0.129330541253171 0.0268026491559027 -0.0870777006128085 0.00148691485624255 0.0572321378154413 -0.092761804853853 -0.0883498301245827 0.0224483303146528 -0.0458594379410167 -0.0620025619599553 -0.048075404935391
