1 0.956051050435148 0.0487027890867189 0.126779450174977 -0.00862438650634682 0.0539701408456345 0.0369421416633252 -0.0291888108104636 -0.093883744862802 -0.0751342501895891 -0.00995029545993783 0.0465678891107951 -0.209554836680983 -0.0621161307429583 0.162212909833676 0.049764748149813 -0.0443494325394155 0.0658209471696848 -0.25816471631501 0.0721700039863605 0.00155200008984556 -0.110489388176716 -0.0838979260805271 0.0185692514271635 0.0147188055124104 -0.119214754484686 0.155201405457618 0.121445054601492 -0.000890860014075657 0.190790637768898 0.120173936618985 0.000891814228965548 -0.0130756376970973 0.169797731320236 -0.0514002674992839 0.011727148309301 -0.0611766517962711 0.0221271249815309 -0.126890066750639 0.00460632755685593 -0.167039881115548 0.0232001390290388 -0.10842550000929 -0.12721657104543 0.101063886212365 -0.146047342222279 -0.00998511836617688 0.0188518111240711 0.0926401409118937 0.0252611303946295 -0.0951300998422891 -0.112104890844604 -0.0822897079021011 -0.132387356580381 0.0540799373720826 -0.0145420177481374 0.037796867596999 -0.0172270596984897 0.0411386770448187 -0.093447355355132 0.0360606716787401 -0.0791723564250465 -0.0982441933561986 0.153171942061847 0.0408951143851826 -0.151346166294981 -0.177406517832641 0.0195040346378463 -0.0035853361014178 0.0306448015542994
2 0.0487027890867189 0.480541563097502 -0.0577273871093608 -0.105501990497411 0.00224901929598487 -0.0616462251937837 -0.0591487618484606 0.0410624457123372 -0.0236366810594463 -0.0200366115649797 -0.00886087686668893 0.0382409737462192 0.0712174009889601 0.0105042996020631 0.0489100775510784 0.00204496566482488 0.0553777915102121 0.0416212123420961 -0.0141943462458446 -0.0955292480888909 0.0268824114565162 0.00909147040385925 -0.0596312077698864 0.0806196952555012 -0.037373458302558 0.0276487967322751 0.108582052775409 -0.0532928210881932 0.109451467757394 -0.00173692773932486 -0.0570816492933388 -0.0260848384477036 -0.0124572872726013 -0.0312730203672072 -0.0198474437164993 -0.110650565001653 -0.00629783668683052 -0.0631911345630553 -0.026918140381259 -0.0189910216977892 0.038778321182296 0.0307490396099862 -0.00964862729348629 -0.0071283809811998 0.0462402255317248 0.0921120717792802 0.010553302189848 -0.0533155942213409 -0.0947372186233413 0.0200636371123311 -0.0454186561779958 -0.0227481835958516 -0.0334487349648097 0.0917979583630312 -0.0582600356148271 0.00495427261688293 0.0974519890690816 0.0427960082235322 0.00970951600714577 -0.119423532088691 0.0846236679367228 0.118143351227886 0.132407635047914 0.0521251648746909 -0.00122730220502482 0.00371734424262749 -0.0264242900686688 -0.0294181031936599 0.00122758401081932
3 0.126779450174977 -0.0577273871093608 0.811898867930473 0.0944760481011473 0.0723879748430537 0.0521334548003867 0.110153027346911 0.053807008524319 -0.10169447527349 -0.0681952598119381 0.0532592604725059 -0.0997727758381437 0.123542527807338 -0.0988336858623936 0.0461918140377439 0.0586467107563741 -0.0315288064987983 -0.106443623673663 -0.074203214393099 -0.104625263110126 0.136172935220305 -0.155040668523852 0.0251454711979153 0.0791915576992438 -0.175897993361069 0.0662252971315091 0.0482750973191681 0.026632064384855 0.0635727840954572 0.0349083157389338 0.118703258132972 0.0770050929616648 0.254302158949609 -0.101249103394016 0.0228119202626566 -0.0425387737066994 0.0465658627758371 -0.00636134276863587 -0.00993335280738467 -0.0287980088125093 0.0446101337531724 -0.112304628888216 -0.0670629134268611 -0.0228032121930466 -0.0698565140967099 0.00472991298719873 -0.0112769832968963 0.0516376403053605 0.135910985856754 -0.0456720456497543 0.0188241710542041 0.00249943042875012 -0.206375500466594 0.0806127393973835 0.0038037187235897 -0.0390618707939728 -0.0324048035596927 -0.0243136141209065 -0.112335212087351 -0.0158753371060596 -0.0815387938699164 -0.0840850264922736 0.0873615393448641 0.00507948947396464 -0.0970669776625657 -0.126788957128567 -0.141538073449316 0.0951359258803696 -0.159630133202124
4 -0.00862438650634682 -0.105501990497411 0.0944760481011473 0.96433696447857 -0.0246885292041107 0.0355875262212326 0.133048451984887 -0.0300251894241983 0.0514961905788585 0.0215783050271369 -0.0683036637448893 -0.0810369245541936 -0.0195494204766924 -0.0898888588806937 -0.0913514885836258 -0.0504273609051748 -0.0407127959596159 -0.00886017102107293 -0.074998402936001 0.072217836177181 0.0812791591926475 -0.00360960408412277 0.114806719003748 -0.000139937103020198 0.165786577884632 -0.0490535454872082 -0.0568533810716282 0.00630933545085425 0.00507046016177982 0.0840104565461835 0.0547314634208489 -0.00977774007834064 -0.13970217739019 0.012343254686886 -0.0638310265248405 0.0153327491344841 -0.0237062813828833 0.051663473761492 -0.0152801495306339 0.074863299592724 -0.132518404429797 0.0126883154003606 0.0846041385704476 0.015951020096045 -0.101814005693352 -0.0914466950843955 0.0275449253331365 0.022572164816093 -0.0345662578842278 -0.109736334258858 -0.0102646838543264 0.0913188350337676 0.0332977359571652 -0.0124541665057606 -0.0665159314121577 -0.0104114638559182 -0.0109308294689221 -0.080020297113762 -0.0882357646871674 0.114729263480738 -0.0533575310939738 -0.12974732385696 -0.0355489429910953 0.0319919583037247 0.103311330083001 0.0457802945045134 0.0529481778318087 -0.0512530750015358 -0.109825507444978
5 0.0539701408456345 0.00224901929598487 0.0723879748430537 -0.0246885292041107 0.822060079109444 0.0612750793354865 0.0315627014597961 0.0245193148865531 0.0681492600927554 0.0402149798206812 -0.0100688564435566 0.0306265969163761 0.0234803618156953 -0.00621262305664904 0.0132081118890474 -0.0305814841140373 -0.064803527371805 -0.0220177915946849 -0.0141002241889391 -0.0403144437343011 0.0795048083517576 -0.0462323459605119 -0.080785756039 0.101402052721745 -0.109371834622961 0.0714181625877137 -0.0340841964478147 0.045140130891727 0.0128243844275422 0.077808506944121 0.00166503656624211 0.0127364721548714 0.0411405316691452 -0.172462051920736 0.0321907461490737 -0.00262145150718098 0.0221660451648998 0.071026065845813 -0.0108256607753242 -0.125012411631156 0.020255971311485 -0.0659179976018818 -0.0776394941348824 0.0554095118479698 0.0242159232636678 0.0247575603181381 -0.0586003304688693 -0.0641123661168417 0.0956609851585516 -0.0711813595559125 0.0608217812937104 0.087805270750007 -0.0220384717625956 0.00482414434795668 -0.163625260622358 -0.0977501850962187 -0.016328878199772 -0.156120665029632 -0.0773404817323692 0.0150237635261734 -0.0915510344995559 -0.019186632300439 0.0791730929166524 0.00541602570332351 -0.0783247459042413 0.019408140034345 0.011789509262745 0.0148034204474744 0.0933974090442025
6 0.0369421416633252 -0.0616462251937837 0.0521334548003867 0.0355875262212326 0.0612750793354865 0.897954717432585 -0.0757104392962618 0.0393837486947861 0.0558578291337408 -0.106966835258656 0.0833624891392782 -0.0671951766683064 0.0533501229406046 0.011635448847939 -0.0370430591910877 -0.0650183185369124 0.0544448947636373 -0.143625088463286 -0.0947403092933038 -0.0593944344044742 -0.0453710070421495 -0.0525411246886516 -0.138943465732732 0.0377012464817167 0.030664576293316 0.0162915593544977 0.0190638309928933 -0.00883522782999405 0.0383291196362613 0.101110269804327 0.037666816935778 -0.043524272442868 0.0475220728172578 -0.0400022907995553 -0.00354974118887731 -0.0287245475156221 0.0474164257861271 0.00782577040001834 0.0798130209000183 -0.0268513718069246 0.105652689404359 -0.0536554017927912 -0.0354701309788021 0.0744082698127355 -0.147213369153588 0.0486343878980087 -0.16166703321316 0.00735161845043295 -0.0199056592038285 -0.168014898164342 0.0535347126245896 -0.0794590722338868 -0.0659632450062834 -0.0329102794005475 0.0365019798447884 -0.0600689889857586 0.0543698404523023 -0.0319617073192594 -0.0676760465154773 0.0250550914135089 0.0432977624447472 0.0283544340360316 0.00443640737348247 -0.0556710530899955 -0.166743100039252 -0.0280445414204451 -0.0343696490592868 0.173477583416247 -0.0368942766961133
7 -0.0291888108104636 -0.0591487618484606 0.110153027346911 0.133048451984887 0.0315627014597961 -0.0757104392962619 0.971252964792297 0.0646882988278307 -0.0626049243383163 0.0123492741056546 0.0873762294839831 -0.0527860760741221 0.148277228604206 -0.0282844247991025 0.0138088033623336 0.0215130269423927 -0.0599001323407125 -0.0791441962806509 0.00773854351687717 -0.0264034483626818 0.177686488100267 0.0298030823591079 -0.0880665921990417 0.099562825892489 -0.0929928152197036 -0.0581906555593138 0.0319033289869877 0.0562092723052201 0.0861844546146493 0.0735075303799383 0.138538039425753 0.0575869112385774 0.00740603513723653 -0.0316758368473975 -0.0994485407627599 -0.0908625199303155 -0.0721760136424619 0.0759707110337713 -0.0505586360024729 -0.0137804171284852 0.00458021897091025 0.0363152183148392 0.0189892752065832 -0.00510987592486565 -0.0716635546872048 0.00346129844529209 0.0377680636880299 0.0568024518314912 0.0372034525410045 -0.0432577526456477 0.00859417558167815 -0.00340707283366575 0.0152840588085353 0.0477630721629907 0.065957060714334 -0.013365429273059 -0.052648889051663 -0.134491731481202 0.0262124254455275 -0.101786078781244 0.0126607699240134 -0.0425499002803426 0.135161556649954 0.0830210718383427 0.0251768228507306 -0.0737234456052667 -0.155217582555094 0.0276508893720928 -0.120793467845957
8 -0.093883744862802 0.0410624457123372 0.053807008524319 -0.0300251894241983 0.0245193148865531 0.0393837486947861 0.0646882988278307 1.20208723303192 -0.114445230734527 -0.0992908927484738 0.29991280127994 0.142856293703675 0.465438651286854 0.0437338196895407 0.289035260138527 0.369700696210699 -0.0734016994568555 -0.0140253976142716 -0.17932506192805 -0.100412136036168 0.020109008216502 -0.00578321861227712 -0.0600587305184087 0.369175937037997 -0.0103580094071748 0.121001020587711 0.0692630843903348 -0.0274484277410923 -0.0447620155544357 -0.105767789836319 -0.00464156623427658 0.0057138185739551 -0.00589211372431573 -0.0403027001675334 0.124928811216003 -0.0517294149359785 -0.00883678687239791 -0.159151806323928 0.0176619473302254 0.0348832582297413 0.159608529100898 -0.010703314589327 -0.109830916237825 -0.334809526790708 -0.0420158763597002 0.0726988508871223 -0.0305817760317431 0.0503752970612005 0.11976052754217 0.227574782838211 -0.100127385649438 0.0608956620372514 -0.18386227904318 0.0674354736291621 -0.154863036461412 0.0158831489930663 -0.0346418132204748 -0.2253090016018 -0.23634990387054 -0.127106151357606 0.00365234746197706 0.143482154042469 0.0939620278606863 0.0571923922133754 0.0170906773773132 -0.0892984856126207 0.19422565135748 0.155246037618219 0.0521483244359434
9 -0.0751342501895891 -0.0236366810594463 -0.10169447527349 0.0514961905788585 0.0681492600927554 0.0558578291337408 -0.0626049243383163 -0.114445230734527 1.19186780440566 -0.19334884859197 -0.0911334480069693 -0.0804386377892731 -0.148502982472736 0.0094698720036023 0.0998367086696767 -0.151568770501032 -0.0160443257363316 0.00270244716117099 0.00518877128806225 0.0246347345331894 0.210615245749824 0.00952934313937116 0.0585717374237931 -0.0644569404060828 0.0933836599208411 0.11877620182486 -0.0312839740997081 0.0673479661041138 -0.0140681410246236 0.0440398271382264 0.112573717793662 -0.0611842755129071 -0.0104498287993894 -0.0954106371170984 -0.105730212942051 0.0540648807744383 0.0764652519784311 0.238650438429363 -0.0468010925001496 -0.143158885429145 -0.104763261252388 -0.0308105226191685 -0.00114535229933847 0.122249483808235 0.024934985026366 -0.0147989499717688 -0.0549181713167764 -0.0340170843161435 -0.0789899732601531 -0.00820817724732657 0.00794189642929995 0.0842116686747322 0.0361128341000851 -0.103960946393253 -0.00376459558181698 -0.0214428975842162 -0.055709795556827 -0.0118333582610816 0.0392334008032486 0.0717085686446883 -0.109937052787012 -0.074478987697213 -0.0368985299254803 -0.0223182677584912 -0.0792063314458661 0.0515239854630195 -0.0207132739099601 -0.130487423980862 0.00201750275657527
10 -0.00995029545993783 -0.0200366115649797 -0.0681952598119381 0.0215783050271369 0.0402149798206812 -0.106966835258656 0.0123492741056546 -0.0992908927484738 -0.19334884859197 0.914133326956847 -0.0567412223668459 0.0912472588508576 -0.0257280345027405 0.0620386047050261 -0.146271008458133 -0.0451868810548599 0.104499499281523 -0.0497497729579437 -0.011834315475805 -0.0240321496287857 -0.1136002860388 0.00919999148942805 0.0594993747387746 -0.0850742836746023 -0.0650698865266501 -0.0345902026531045 -0.0675079385055315 -0.0405483451724299 -0.00287794118094884 -0.107388216592254 -0.174505014482478 -0.00956512031595979 -0.0440852322327103 0.082361754406435 -0.0692889648528824 0.0982215392661955 -0.0556486553475217 -0.0626246412264497 0.0947268239509496 -0.0243255194470721 0.034779963146441 0.013839326839164 0.0765505591626233 0.137869649286955 -0.0456291818166376 0.0547145736341011 0.0917662078843355 0.0173607110569868 -0.167054882165072 -0.0309695717203335 0.0996367339985152 -0.0356276087493971 0.0154442468620828 -0.043909387414163 -0.0455715524727806 0.0989526369912925 0.115859665838401 -0.0259378796525056 0.0324911368987715 -0.0385472011398618 0.107546559403274 0.0262539282106351 0.0429134529130841 0.0296860323592354 -0.0558217729313921 0.0343452109128467 -0.00460913657510779 -0.0457115165453157 0.061419669849078
11 0.0465678891107951 -0.00886087686668893 0.0532592604725059 -0.0683036637448892 -0.0100688564435566 0.0833624891392782 0.0873762294839831 0.29991280127994 -0.0911334480069693 -0.0567412223668459 0.768051729658583 -0.0555510126573623 0.137493370952745 0.1148285810124 0.123444352681019 0.250553297197272 -0.0485065165889302 -0.138309136343097 -0.178475186621813 -0.0410193349929759 -0.0678431659165007 0.0600040279008555 -0.154535657584693 0.0763485265398235 -0.000926009145284919 0.0912906894602205 0.164848096366708 -0.0162091640482841 -0.0150801018686986 -0.141625577309249 -0.0202770400658189 0.00467577479865633 0.0130836703306374 -0.0447643798772361 -0.0100513277258234 -0.160287973514724 0.062911223432925 -0.266948861934315 0.00812047078830562 -0.00529686186871526 0.125500740585902 0.00348261876430081 -0.064131761272852 -0.0948615774166222 -0.150972731475311 0.0705878316766199 -0.0595526627310013 0.113958949157012 0.171390837804066 0.0565755385954661 0.0556307526436533 -0.113014024794829 -0.139092929026109 0.16523153962976 0.0220984867597169 0.0556446725059864 0.049936727292441 0.0041448711969926 -0.167988906100484 0.0335879660797543 -0.0038239186585121 -0.115824237171792 0.0919878516470279 0.00704341238671581 -0.114420406363648 -0.214472836606612 -0.0250187988880047 0.0385080095209498 -0.0193494979962726
12 -0.209554836680983 0.0382409737462192 -0.0997727758381437 -0.0810369245541936 0.0306265969163761 -0.0671951766683064 -0.0527860760741221 0.142856293703675 -0.0804386377892731 0.0912472588508576 -0.0555510126573623 0.420960781359728 0.0727333164958551 0.0289953450199941 -0.061008537747291 0.0325701343231668 0.0125747195684753 0.226573266747192 0.0273857931799457 -0.0428472114421733 -0.0338094903255212 0.0845236317295332 -0.0262389627394575 0.12401477620867 0.0350732574419533 -0.0400034829776849 -0.0335387698859621 -0.0774504116968102 -0.0521528100387317 -0.136187935187522 -0.0444829029077202 -0.0566770546633705 -0.114952583340907 -0.0293832303878683 0.0503215392263209 -0.0413760018206758 -0.0608975192837183 0.0314523980247572 -0.0440966127579391 -0.000237288612618238 0.133257684568506 0.0808406796918604 -0.0376056789733715 -0.12954833539783 0.140493848776105 0.0964090351161642 -0.040637942285817 -0.039814913700156 -0.0357706037732648 0.0936738944711435 -0.0690632974253957 0.0981747575049189 0.0236649462212516 -0.0626756626731817 -0.102659410019116 -0.0415397236743054 0.03780517014575 -0.0447234958357358 0.0581054206176796 -0.0673485670138033 0.0304133121337947 0.166743071206749 -0.060814272747591 0.00856656757382257 0.0959476893552804 0.0985191139543045 0.00378845795548103 0.0761427484859366 0.0229647041200122
13 -0.0621161307429583 0.0712174009889601 0.123542527807338 -0.0195494204766924 0.0234803618156953 0.0533501229406046 0.148277228604206 0.465438651286854 -0.148502982472736 -0.0257280345027405 0.137493370952745 0.0727333164958551 0.840369581487878 -0.0354518509629502 0.100542836592239 0.243102131497338 0.0429150478863372 -0.0603446339860636 -0.218299899933125 -0.0504226032955684 -0.0201739344680157 0.0253514292754767 -0.251494552271436 0.272877518209749 -0.0505867427365641 0.0571409006937806 0.183503397877646 -0.046345115660978 0.0647845979953617 0.0243003620538227 -0.10079173801424 0.028425338388686 0.018065511550277 -0.187233764509165 0.0243858304006139 -0.203117982616053 -0.0219738408108905 -0.144646275744792 0.0652487925119831 -0.0667944406480771 0.180550854624598 0.0213921711210098 -0.0617291881326527 -0.216998275469078 -0.0663673814729399 0.0994477365043172 -0.00745033442734266 -0.0485432214378678 0.0533734835430284 0.000684787849705696 -0.0977814221426715 0.0412858710315237 -0.12419003210507 0.0606244161439096 -0.0493359736633058 0.0753461134047856 -0.00823699107875089 -0.173491907183952 -0.0973330180337626 -0.0394837480324582 0.000665532775361234 0.0507020358886767 0.146526123101015 0.195285021141559 0.0192302757114155 -0.0894215432602779 0.0300747761346694 0.17270901429343 -0.0912506579305249
14 0.162212909833676 0.0105042996020631 -0.0988336858623936 -0.0898888588806937 -0.00621262305664904 0.011635448847939 -0.0282844247991025 0.0437338196895407 0.0094698720036023 0.0620386047050261 0.1148285810124 0.0289953450199941 -0.0354518509629502 0.802612157490805 0.0688747799344774 0.0914841401687528 0.111184599477162 -0.146957069090253 0.11598380924328 0.0411262648326795 -0.100146395846429 -0.0922565065951069 0.0179781739031054 -0.0960318214559137 -0.0561136318983955 -0.122015022542302 0.108845895746812 0.132331498853859 0.111443902545837 -0.124495970858984 -0.0415553893974567 -0.0593263775601505 -0.0200424586513491 0.0666149716399442 -0.081344415551416 -0.0369682042987845 -0.00244651977979991 -0.174024252091128 -0.0625174592576635 0.00363342441622668 0.0200819782958645 0.0189995074981223 -0.0206974766287701 0.0370034516218989 -0.146898844533783 -0.00156130089614686 -0.0192867506922811 0.0856457715091169 0.0473183913398483 0.0145378134209866 -0.026763365062897 -0.12454596054613 -0.0843609274489422 0.0233166768860874 -0.0142980395723253 0.0557151001567876 0.00738347442071224 0.027834121491016 -0.0919300606798932 -0.0395694400278463 -0.105773112831242 -0.00366807647826391 0.0471998393958324 0.0151391211405497 -0.089257458272182 0.0519779364015946 -0.0225374588533991 0.0388163268447022 0.0890944515751473
15 0.049764748149813 0.0489100775510784 0.0461918140377439 -0.0913514885836258 0.0132081118890474 -0.0370430591910877 0.0138088033623336 0.289035260138527 0.0998367086696767 -0.146271008458133 0.123444352681019 -0.061008537747291 0.100542836592239 0.0688747799344774 0.899889219672295 0.119525661454619 0.0555431865170672 -0.080971406436208 -0.0749001773603538 -0.00654216646423215 0.048594741827679 0.1192832180861 0.0353611992016104 -0.0160938605038422 0.0738970413428856 -0.0278480498331107 -0.0653581861113403 0.0183904037512455 -0.0163125394564821 -0.192752620196007 0.0649699032098885 0.0308563294078326 0.0810669486871373 -0.0938894550483323 0.0031524790490097 -0.168671244096985 -0.0447782238219576 -0.191690417829214 -0.031158562473286 -0.00433875991766543 0.0422859605264842 -0.0536019371446973 0.0174266593449311 -0.0368368724726913 -0.0839625244639912 0.0114651376013634 -0.0432189581202797 0.0406434707020536 0.165655897566574 0.00341267167781435 -0.0735012533455119 -0.123012827452901 -0.0854914251251036 -0.0047941890824111 -0.0414509275353881 0.110877627581289 0.0665576966728772 -0.0919856187930961 -0.0683189410666232 -0.0107956021255293 -0.0146771457859064 -0.0381652398731443 0.0684620145096126 0.0537731692846645 0.02404420396225 -0.0319822231078853 0.0351938423292878 -0.0240111097228161 0.0833949578629565
16 -0.0443494325394155 0.00204496566482489 0.0586467107563741 -0.0504273609051748 -0.0305814841140373 -0.0650183185369124 0.0215130269423927 0.369700696210699 -0.151568770501032 -0.0451868810548599 0.250553297197272 0.0325701343231668 0.243102131497338 0.0914841401687528 0.119525661454619 0.713704835320131 -0.0065776880527705 -0.155610236157969 -0.130530389575705 -0.117315460672904 0.114147688131354 -0.0321754668137315 -0.137079467296379 0.199912723928374 0.0131090916342115 -0.0858933854634563 0.128254073435474 -0.0062331515627204 -0.0621237228578096 -0.173168312120251 0.0317926206221203 -0.0574092769693406 -0.0221432354933622 -0.159753730582401 0.0173574382974329 -0.153040286891868 -0.0865887757391078 -0.182296196296368 0.0642348962140111 0.0449774758345279 0.147610734612844 -0.110364803606403 -0.0532885792178798 -0.152172495152469 -0.0818116583560597 0.0810127815162265 -0.0300630241743674 0.103235770423289 0.155906979427782 0.122365641787104 -0.0423901856199871 -0.0331706024558985 -0.15850737657279 0.112136303189096 -0.108753914135394 0.0073986162500478 -0.00305261815106414 -0.0667365688683961 -0.0494442157696949 -0.0578214398916735 0.00801950264404782 -0.0257186198951982 0.0530331151497791 0.104849913732686 0.0452189346045849 -0.158209528528419 0.0501471641373732 0.12128848273308 0.0121403432002909
17 0.0658209471696848 0.0553777915102121 -0.0315288064987983 -0.0407127959596159 -0.064803527371805 0.0544448947636373 -0.0599001323407125 -0.0734016994568555 -0.0160443257363316 0.104499499281523 -0.0485065165889302 0.0125747195684753 0.0429150478863372 0.111184599477162 0.0555431865170672 -0.00657768805277051 0.815910565170512 -0.0798971453312497 -0.0262105275915491 0.0924898360456243 -0.071137836000179 0.00233737665820793 0.0371597839041976 -0.0156405249032485 0.0712798205316303 -0.0657925260251567 -0.0248491487461893 -0.00690162355517192 -0.0582143455947357 0.0180824668675432 0.0153610060374266 0.0781741764046487 0.0361598228685743 0.0675459800719638 -0.0673006678353791 -0.188328432836756 -0.0108204797990822 -0.0746657315530866 0.0969099283795908 -0.0515396639813274 0.128882257712037 0.0431875986443298 0.0236058348062291 -0.0330707939718317 0.0195844148192186 0.0820605463943194 0.0399383191867082 -0.00444439245535973 0.0481816630624313 -0.0152133606949394 0.0462311047008409 -0.114093235075868 -0.135642238603962 -0.0273164712659595 0.0532401366776043 0.0746415175716781 0.0853175607735327 0.0179729391392529 -0.0524902299838771 -0.053671818886445 -0.054154403170435 0.0223675131808881 0.040930281650935 -0.0495164141752548 -0.0973812059885585 -0.011658407748091 -0.124268440141503 -0.0115358393647376 -0.157833877650976
18 -0.25816471631501 0.0416212123420961 -0.106443623673663 -0.00886017102107292 -0.0220177915946849 -0.143625088463286 -0.0791441962806509 -0.0140253976142716 0.002702447161171 -0.0497497729579437 -0.138309136343097 0.226573266747192 -0.0603446339860636 -0.146957069090253 -0.080971406436208 -0.155610236157969 -0.0798971453312498 0.839651553423852 0.155986624266736 -0.0110085837320395 0.0905741616842465 0.0326579506898794 0.141847662122848 -0.0455211755306972 0.0184722548500317 -0.0245458116937665 -0.0898725440640528 -0.0673798074158093 -0.140755623158632 0.016066738322149 -0.115302216048722 -0.0767532626155055 -0.0907428486257091 0.0792522535975121 0.109677996146016 0.0125049212717147 -0.0508803599754772 0.171562138109021 -0.0622481485000591 -0.0314571386761928 -0.0838695910948419 0.165437566407771 0.0552638242318186 -0.0438163508207539 0.21539757283024 -0.0485060334445594 -0.0336844431393073 -0.120824296541777 -0.0550988455586563 0.157326787672602 -0.0656186767379588 0.183063197457628 0.167137527045266 -0.172967090034554 -0.208239464750055 -0.018398573518489 -0.0391534429479259 0.0125775073631302 0.165113173628842 -0.0397904158872866 -0.00430229704006005 0.165102641324096 -0.145859021872866 -0.0345320659894416 0.129472424423302 0.0751772510142371 0.00551360329255144 -0.0930748082147669 -0.0805864258133414
19 0.0721700039863605 -0.0141943462458446 -0.074203214393099 -0.074998402936001 -0.0141002241889391 -0.0947403092933038 0.00773854351687717 -0.17932506192805 0.00518877128806225 -0.011834315475805 -0.178475186621813 0.0273857931799457 -0.218299899933125 0.11598380924328 -0.0749001773603538 -0.130530389575705 -0.0262105275915491 0.155986624266736 1.28787650209643 0.10820107159281 -0.093090983368924 -0.13033205970026 0.299537972564896 -0.205329606141048 -0.1742474912559 -0.0468983164908934 0.0442705381382472 -0.053232555358538 -0.0239740615939039 0.100477527968339 -0.04694730625852 -0.0803104299198372 -0.00726846326403796 0.140053151530922 0.0660683025022795 0.129434021295873 -0.00100627164094149 -0.0341794323587701 -0.102654443093186 0.0216596993793891 -0.15220652641737 0.0534050589970602 0.0825164315281997 0.132097315935351 -0.00829994545185981 -0.145691451461575 0.120236779665096 -0.0861257290050478 -0.0709342901588868 0.052077672955817 -0.0485321682162504 -0.00775980686204362 0.0678720717256644 -0.0473866012809391 -0.0457239622521147 -0.138832465449853 -0.010302652423978 0.07301830903413 0.0963490918669224 -0.068998751683012 0.0422374773279851 -0.048526266889804 -0.0768193686465925 -0.134336571944807 0.156003598383562 0.104841235480602 0.00522085462103116 -0.175623284123861 -0.0254848944826036
20 0.00155200008984557 -0.0955292480888909 -0.104625263110126 0.072217836177181 -0.0403144437343011 -0.0593944344044742 -0.0264034483626818 -0.100412136036168 0.0246347345331894 -0.0240321496287857 -0.0410193349929759 -0.0428472114421733 -0.0504226032955684 0.0411262648326795 -0.00654216646423215 -0.117315460672904 0.0924898360456243 -0.0110085837320395 0.10820107159281 0.881091684300485 -0.0489244053826433 -0.0369606857669666 0.0300550293951044 -0.00213961784730904 0.0683482238536814 -0.0598008803241456 -0.0690797780067943 0.0234937400258151 0.00579846347286699 -0.0060452983925386 -0.0582077193251044 0.107550463430386 -0.0390951658061275 0.0268268443146854 -0.0792939124414633 0.0435745834838555 -0.0492118172558084 -0.0244014633454102 -0.0105834603401473 -0.0804526926316935 -0.0328013579580463 0.0306260275218934 0.10180312067176 0.120989794135159 -0.0229473423365573 -0.0310144613832895 -0.0105250148900233 -0.0317790376183021 -0.0788030957590788 -0.0563446560070302 0.136325712191001 0.0400602778370032 0.0705315816940857 -0.0134592513668197 0.0997650223088721 0.0364183650680003 0.0186237963041441 0.0900900692600463 0.00476929943108424 0.0310920059973694 -0.122902858923052 -0.0276547838683328 -0.0248824962878035 -0.0773105045685372 -0.0152742401050433 -0.0380335338190533 0.105276295747254 -0.0792679238922575 -0.0933280397240435
21 -0.110489388176716 0.0268824114565162 0.136172935220305 0.0812791591926475 0.0795048083517576 -0.0453710070421495 0.177686488100267 0.020109008216502 0.210615245749824 -0.1136002860388 -0.0678431659165007 -0.0338094903255212 -0.0201739344680157 -0.100146395846429 0.048594741827679 0.114147688131354 -0.071137836000179 0.0905741616842465 -0.093090983368924 -0.0489244053826433 1.25791749461919 0.0862572089333674 0.0252367717638613 -0.0113890630898989 0.0911206592657253 -0.178569081278125 -0.0852376119074628 0.0170983162201489 -0.111165378510969 0.0626900179161155 -0.0919877415495512 -0.0902574856423358 3.41329915567667e-05 0.049775943580891 -0.0295161498020809 -0.0673368933069553 -0.0254062953565257 0.226265487451296 -0.0125098321469616 -0.0331481362728163 -0.012115684951332 0.0255797361578466 -0.0488344283648022 -0.102380605834474 0.0410523202476315 0.0351302343275486 0.00114865931884156 -0.0318605039431068 0.0407809938147647 0.0988566174480693 -0.0733291541661407 0.0639104520674546 0.198029239895612 -0.137084672267696 -0.0211460365776161 -0.0792625659309238 0.116848830943948 -0.0473701410046709 -0.022771067148765 -0.0888426690249375 -0.143892512971355 0.00603036324534375 -0.00472281044924402 -0.054666240899858 0.0587421321431326 -0.0831820436571961 0.105143825751646 -0.155768562596211 -0.160949733931108
22 -0.0838979260805271 0.00909147040385926 -0.155040668523852 -0.00360960408412277 -0.0462323459605119 -0.0525411246886516 0.0298030823591078 -0.00578321861227712 0.00952934313937114 0.00919999148942805 0.0600040279008555 0.0845236317295332 0.0253514292754766 -0.0922565065951069 0.1192832180861 -0.0321754668137315 0.00233737665820793 0.0326579506898794 -0.13033205970026 -0.0369606857669666 0.0862572089333674 1.02165723902505 -0.0456340730268161 -0.0667735095483463 0.0878483488102301 0.0803643186396451 -0.122858959985701 -0.021217382793517 -0.0196685108420881 0.0890826964027034 -0.0357884102466501 -0.0192823728572175 -0.0111970316579688 -0.0682734040185839 -0.0430546054132381 0.00949906401077991 -0.0381869971762409 0.130516639518956 -0.00600806763703321 -0.2023711708663 -0.00488581393560136 0.050158375761819 0.0021002210327019 -0.0280027773449586 -0.0592903705778703 0.0324217006614267 -0.0312562531942044 -0.00190763016288813 -0.00469592696270911 0.037364510022706 0.0363143746272541 -0.114952862199586 0.0819621400697965 -0.0122647424735408 -0.0670311476224593 -0.0149450974395399 0.0189882981713913 -0.0478837842725165 -0.00885718623155633 0.0724512568170942 0.0614589007819601 -0.019667924333116 -0.0585092264950289 -0.0369304016638938 -0.0339205008949641 0.0901980621794571 0.0770793183302585 0.102253299385937 0.0186670451449628
23 0.0185692514271635 -0.0596312077698864 0.0251454711979152 0.114806719003748 -0.080785756039 -0.138943465732732 -0.0880665921990417 -0.0600587305184087 0.0585717374237931 0.0594993747387746 -0.154535657584693 -0.0262389627394575 -0.251494552271436 0.0179781739031054 0.0353611992016104 -0.137079467296379 0.0371597839041976 0.141847662122848 0.299537972564896 0.0300550293951044 0.0252367717638613 -0.0456340730268161 1.22828880810543 -0.267039275767503 -0.00810731612919385 -0.121393286735821 -0.178080615157615 -0.0421578905169464 -0.156445852501312 0.0884033314454455 0.00959570407893769 -0.110152517205456 -0.00111062140834091 0.219102637417188 -0.0717351221158664 0.0123037534430828 0.0602796236726819 -0.0110199658318035 0.0166354421451598 0.142531868509232 -0.224160278569738 0.147317607918088 0.0419197139089801 0.0383828663435421 0.120976191328509 -0.0983288390126778 -0.0680240677473569 -0.0600911206585722 -0.0130658582066929 0.0432637509417432 0.0158765780475376 -0.0101873870093287 0.0286742179712292 -0.0515006422208284 0.126729831707037 -0.0661292816779905 0.0151052588162486 0.115776748643756 -0.011128350757811 -0.00136678654530681 -0.111573230317698 -0.0372976199129816 -0.0465944882794185 -0.0968118630641116 0.0536689979818692 -0.0146185539601387 0.0275596882508154 -0.131329859743786 -0.0506237168018769
24 0.0147188055124104 0.0806196952555012 0.0791915576992438 -0.000139937103020191 0.101402052721745 0.0377012464817166 0.099562825892489 0.369175937037997 -0.0644569404060828 -0.0850742836746023 0.0763485265398235 0.12401477620867 0.272877518209749 -0.0960318214559137 -0.0160938605038422 0.199912723928374 -0.0156405249032485 -0.0455211755306972 -0.205329606141048 -0.00213961784730904 -0.0113890630898989 -0.0667735095483463 -0.267039275767503 0.739298226441311 0.0122475924352557 0.00355100438086408 0.0795391380727201 -0.0678883923213947 0.070897825578764 0.00704961181562267 0.0429113857461417 0.03884033047751 -0.0507076147811036 -0.215105535591233 0.100682501789173 -0.154973629167882 -0.0822883100839486 0.044565162594217 -0.0685358799224176 0.0521080611223963 0.270307943374113 -0.042275492632712 -0.175005520460016 -0.0951414641870995 0.036571780166263 0.188987403454236 -0.12549536552036 0.00837469480962409 0.0345005032639567 0.138053690702285 -0.104379324810109 0.187627561487182 -0.0965714182816796 0.115099784072327 -0.041539223291704 -0.0659960525598552 -0.0121905831114422 -0.139463947740364 -0.0631306238735175 -0.135256395804754 0.0337469805530882 0.187705866083529 0.0453924364219713 0.169745489261721 0.0157130784947959 -0.0950150858757167 0.0359540797244019 0.173844254872309 0.0257895777005859
25 -0.119214754484686 -0.037373458302558 -0.175897993361069 0.165786577884632 -0.109371834622961 0.030664576293316 -0.0929928152197036 -0.0103580094071748 0.0933836599208411 -0.0650698865266501 -0.000926009145284919 0.0350732574419533 -0.0505867427365641 -0.0561136318983956 0.0738970413428857 0.0131090916342115 0.0712798205316303 0.0184722548500317 -0.1742474912559 0.0683482238536814 0.0911206592657253 0.0878483488102301 -0.00810731612919385 0.0122475924352557 1.18989900184754 -0.110690012681627 -0.147992193935219 -0.0284938184328093 -0.166584122262438 -0.0601910913026782 0.00313919017830145 -0.0692552939918586 -0.0639309954995889 -0.0519405242558576 -0.0503912626295281 -0.0604526023000392 -0.0497148854626473 0.0469600392556727 -0.0827019068567317 0.103487226547356 -0.00348916711302432 0.0393440649015422 0.0553868299158108 -0.0579429363039989 0.0676712193135966 -0.0450450346984248 0.103382622460367 0.0299902504892251 -0.0214728357735855 0.0474004914021775 -0.0182617536341309 0.0418151059419976 0.136412653434949 -0.0921032583313987 0.0206504143277107 -0.00553728795375779 0.0990507985226902 0.0412573796833408 0.0476968096645732 -0.0664345547422856 -0.146195848735399 0.0169720368876564 -0.0989730383636666 -0.0459686119615704 -0.0549036903293721 0.0649335722361973 0.0562258961243981 -0.0826734133315569 -0.166810343533121
26 0.155201405457618 0.0276487967322751 0.0662252971315091 -0.0490535454872082 0.0714181625877137 0.0162915593544977 -0.0581906555593138 0.121001020587711 0.11877620182486 -0.0345902026531045 0.0912906894602205 -0.0400034829776849 0.0571409006937806 -0.122015022542302 -0.0278480498331107 -0.0858933854634563 -0.0657925260251567 -0.0245458116937666 -0.0468983164908934 -0.0598008803241456 -0.178569081278125 0.0803643186396451 -0.121393286735821 0.00355100438086409 -0.110690012681627 1.04048013078107 0.122130133498202 0.0440487310023635 0.0740947987897496 0.0775738891077453 -0.0130477537106416 0.1032919779713 0.0567431898864098 -0.0892578494627279 -0.00900229244455735 0.00949964303424066 0.0614483048680575 0.0769684858988223 -0.179629059469615 -0.0877351883560081 0.00249652825638287 -0.0198188019848324 0.0168498986672082 -0.0481882616080076 -0.0742126677539256 0.0102193735839153 0.0370665955012046 0.0442332923680241 -0.00216753929359635 0.0527100546513627 -0.0190753918937641 -0.0335338903336624 -0.163601415445421 -0.0732891826392329 -0.0529280379839824 -0.0127720644335025 -0.0681563141873764 -0.0391011008429948 -0.0755347953944823 0.0135074369224062 0.0952185388474048 -0.10036582017177 -0.0505679398396034 -0.057888454733305 -0.15119332142048 -0.0113484546569409 0.014173535057471 0.0218614182813399 0.0689419446660298
27 0.121445054601492 0.108582052775409 0.0482750973191681 -0.0568533810716282 -0.0340841964478147 0.0190638309928933 0.0319033289869877 0.0692630843903347 -0.0312839740997081 -0.0675079385055315 0.164848096366708 -0.0335387698859621 0.183503397877646 0.108845895746812 -0.0653581861113403 0.128254073435474 -0.0248491487461893 -0.0898725440640528 0.0442705381382472 -0.0690797780067943 -0.0852376119074628 -0.122858959985701 -0.178080615157615 0.0795391380727201 -0.147992193935219 0.122130133498202 1.03628228970467 0.000489172036228909 0.105757732478787 0.0786829096678783 0.0516518299126431 -0.0189734216014847 -0.018555589102304 0.0205397598625946 -0.0304994007502358 0.0628553345842422 -0.0339296786258143 -0.117328771750888 -0.154234626500159 0.0402298386500384 0.0856932383234846 0.0193949807400081 0.0676422000756848 -0.10947155730113 -0.0627274803547081 0.0677907027059409 0.0310981138007259 -0.0391666056482169 -0.0698810370847819 0.0248947400119733 -0.0304644676605239 -0.0479886609725364 -0.21046555521484 0.0326212551162246 -0.110006926043829 -0.0611330285099972 -0.00544297609223859 -0.000888643069039409 -0.0500107657748767 0.0138993517692614 0.0213782539691221 0.00824842084619355 0.105091779447563 0.0134508905367792 0.0218248134001801 0.019299330074817 -0.029439608105263 0.0328710658139558 -0.118798774607795
28 -0.000890860014075646 -0.0532928210881932 0.026632064384855 0.00630933545085425 0.045140130891727 -0.00883522782999404 0.0562092723052201 -0.0274484277410923 0.0673479661041138 -0.0405483451724299 -0.0162091640482842 -0.0774504116968102 -0.046345115660978 0.132331498853859 0.0183904037512455 -0.00623315156272042 -0.00690162355517191 -0.0673798074158093 -0.053232555358538 0.0234937400258151 0.0170983162201489 -0.021217382793517 -0.0421578905169464 -0.0678883923213947 -0.0284938184328093 0.0440487310023635 0.000489172036228909 0.996131400511667 0.0429756218308278 0.0510746182662309 0.0877246592568187 0.0165341708243119 0.0866603413366108 0.192965323772192 -0.00808802733717734 -0.0336094465530619 -0.00488687274062403 0.0455331866840685 -0.046320544353049 -0.00843658022906815 -0.0279536821972911 -0.0494756101345646 -0.0859873776552883 -0.00266775380541656 -0.079374526551921 -0.0663023700130603 -0.0878283808903461 0.139292004479013 -0.0224820689015943 -0.0737176554960844 0.0356829485489483 -0.0520613227490787 -0.159867920129516 -0.0730389220997019 0.175661850307056 -0.0393378142691643 -0.0727907915365221 -0.048611619529516 -0.0960875099049143 0.0982419913051242 -0.0719332881565955 -0.109548679272587 0.0463178238090616 -0.0492268837126406 -0.123854487461404 -0.044944600537314 0.0538703897793768 0.0381341517307283 -0.035529838101371
29 0.190790637768898 0.109451467757394 0.0635727840954572 0.00507046016177982 0.0128243844275422 0.0383291196362613 0.0861844546146493 -0.0447620155544357 -0.0140681410246236 -0.00287794118094884 -0.0150801018686986 -0.0521528100387317 0.0647845979953616 0.111443902545837 -0.0163125394564821 -0.0621237228578096 -0.0582143455947357 -0.140755623158632 -0.0239740615939039 0.00579846347286699 -0.111165378510969 -0.0196685108420881 -0.156445852501312 0.070897825578764 -0.166584122262438 0.0740947987897496 0.105757732478787 0.0429756218308278 0.743719939470705 0.0610868279630977 0.166641274818028 0.0649651339290915 0.0160670775219333 -0.115954679281578 -0.0325920333792328 -0.0474798222548631 -0.0544071002709244 -0.0919123876348292 0.0468784247037927 -0.134180868088209 0.0432017615768191 -0.0278947025974431 -0.0823082490488608 0.0686969992269216 -0.0744521096604572 0.00928196376753548 0.0242144653335559 -0.0132047826715394 0.115403964170746 -0.0802008147477353 0.000953709257860487 -0.0945918087849252 -0.139537227501058 0.0041482963550527 0.0896814189297316 -0.0297629598755983 0.0100102417533316 -0.092017557242832 -0.029482855268448 0.0242116241957215 -0.00287868023952141 0.088116727685303 0.14528405116291 0.000729078238515639 -0.0760245841975874 -0.0234607017499156 -0.103908794812081 0.0874994386331166 -0.0142760690594045
30 0.120173936618985 -0.00173692773932486 0.0349083157389338 0.0840104565461835 0.077808506944121 0.101110269804327 0.0735075303799383 -0.105767789836319 0.0440398271382264 -0.107388216592254 -0.141625577309249 -0.136187935187522 0.0243003620538227 -0.124495970858984 -0.192752620196007 -0.173168312120251 0.0180824668675432 0.016066738322149 0.100477527968339 -0.0060452983925386 0.0626900179161155 0.0890826964027034 0.0884033314454455 0.00704961181562267 -0.0601910913026782 0.0775738891077453 0.0786829096678783 0.0510746182662309 0.0610868279630977 1.24080744884137 0.210440844051952 -0.0540003877073666 -0.00354105773161082 0.0128071498558709 0.0717749565042807 0.0963877939046905 -0.0927938524642424 0.280191043327644 -0.0600200507726229 0.0139599566589126 -0.0348802530847322 0.0654480195849033 -0.123784517636472 0.0253492160953692 -0.0730220232976 -0.14505097751226 0.127560879718131 -0.0702242062962226 -0.0352844260845463 -0.0638034874073504 -0.0519202935052058 -0.0196069488528326 0.035562060467022 -0.0278185562480778 -0.0438399398647706 -0.090687566253038 -0.154026897096953 0.013020362805405 -0.0432371622168963 -0.116418363103781 0.0950429753455907 0.000370541736646676 0.00764306633495016 -0.0988121184415985 0.0756782994862296 0.0606460704839192 -0.196651255292816 -0.173023819984644 -0.0261786280886025
