1 1.01548258253727 0.0311699537316469 0.101096675081776 -0.038487062332359 0.0577126260508366 0.0228490165007687 -0.0343800340062325 -0.0751349511630796 -0.098584243423316 -0.0185724512020798 0.072509257671484 -0.237034716729592 -0.0777791886693138 0.160507009372917 0.00511916732053854 -0.0567351294642758 0.0267534388346151 -0.254643744462936 0.0756947559577245 0.0386543505130349 -0.107445466751966 -0.108526021028564 0.0591322454351432 -0.01495837838549 -0.108082823967162 0.194921741522295 0.0918137900438771 -0.00446098634110447 0.173291867477101 0.14570111918004 -0.0261924019846899 0.0185649966026851 0.160530082576322 -0.0386258147571861 -0.0153887450924831 -0.0434389235100228 0.0382927257211959 -0.109990714547696 0.034864282728172 -0.195631777182644 0.00364858384269065 -0.105289846095395 -0.101870073464968 0.118886961156815 -0.133354480875776 -0.0267544780805723 -0.0365415752418398 0.0609921315530399 0.0242735987834117 -0.0970852269781517 -0.0812107830300438 -0.0812692369958501 -0.121212331815144 0.0362330226060477 0.0162144523851182 0.0658028337274795 0.0337241851016332 0.0656677581479292 -0.130139015596908 0.0477317164329224 -0.0738545159454641 -0.092076628554959 0.147400425868185 0.0283159615312639 -0.185542871459364 -0.229698982377058 0.0617865874299519 -0.0215714205634582 0.0188802087625249
2 0.0311699537316469 0.516643844900335 -0.0515332214333328 -0.118608872711423 0.0192920833073343 -0.0656432077848051 -0.0762171309349959 0.0298551199241242 -0.0337864767616898 -0.00846235852733057 -0.0397312210996574 0.0516661376724159 0.0383143294124195 -0.0166867138293916 0.0161323819229793 -0.0483625119336328 0.0402467697509446 0.0777907527475291 0.0110451780373469 -0.121765852112084 0.0561134875701351 -0.00830813891536645 -0.0311045519181251 0.0363903741756835 -0.0168006250742525 0.0528780992894718 0.0589297403664653 -0.0579712419582953 0.114268378624335 0.0263871973415242 -0.0559398489345565 -0.0298161010735374 -0.00413655012692915 -0.00408552641387591 -0.0280338490857014 -0.128800957765951 -0.0174140317151238 -0.0296469860727851 -0.0474406564638117 -0.0188672416403995 0.0296867511455139 0.0374515703718887 0.0042860534049777 -0.00359371646672245 0.069497059455297 0.0927145157266042 -0.00252198015785886 -0.0512703588802608 -0.0718193244602228 0.0183876345931436 -0.0422689336219698 -0.0399555921102771 -0.00195066857912769 0.0520526675283248 -0.0348489421437739 -0.0103793537395243 0.0993915994692247 0.0866920866949279 0.00784270878692466 -0.132113402398393 0.106706003681059 0.135638219994238 0.117179260376696 0.0285362676565912 -0.0111352641224822 0.014328801913616 -0.0330957230838143 -0.0365445729484535 -0.0341233237541422
3 0.101096675081776 -0.0515332214333328 0.767733668228013 0.0889833931244456 0.0585676788553336 0.0404909534039842 0.0834652412914534 0.0817249714169953 -0.0665245058472226 -0.0503125225758604 -0.0170575399358805 -0.0817766454686884 0.10987376895955 -0.0754146762852419 0.048942654611433 0.0549726502618259 -0.0463345413249696 -0.0878904816224702 -0.0201642492754799 -0.0860018287021349 0.122059395565689 -0.158225901738914 0.0130049653747935 0.100288655940165 -0.191345707168177 0.083024182353532 0.0914404434101968 0.0627446033074368 0.0568552435797235 0.0547962164162686 0.0792864525447772 0.0774002938196894 0.236571233532858 -0.104726865043608 0.0293870368972988 -0.00699644864336168 0.0354811551171869 0.033996576565878 0.0184589528364905 -0.0403141066024367 0.0578706173663921 -0.114424181162341 -0.0569291551473683 -0.00765842296315634 -0.0978079337088461 0.0138213349866047 0.00286748978959155 0.0345651443563752 0.067131451492856 -0.0460911237425364 0.0328706582742833 0.0479642875642787 -0.214086722152648 0.0251105402792429 -0.0334259069892691 -0.0239480596676902 0.016242397201504 -0.0305983872811242 -0.119257467658426 0.0186210811115108 -0.0637765688572713 -0.0514026969590169 0.0610740437844114 0.000651820228138484 -0.0897483552325716 -0.125533448812882 -0.0375150819880464 0.0925081595771334 -0.174488549456157
4 -0.038487062332359 -0.118608872711423 0.0889833931244456 0.994646371168023 0.00906856284676723 0.057572299566554 0.125295950088225 0.0169257967793251 0.101049154664965 0.0196551146356474 -0.089757882877375 -0.0883391836166838 -0.0122474362085109 -0.118989369300499 -0.0903474706914284 -0.050331552612967 -0.0102225163020664 -0.00185273479399221 -0.0701962630007277 0.0655200476853556 0.0484053479574333 -0.0225230601105394 0.143235859611856 0.00733421039589905 0.154245712849599 -0.040140173463645 -0.0900633592319616 -0.0292909286031922 -0.0157700487523226 0.113673582387392 0.0464834695017424 0.00755731670112386 -0.146010135909262 0.0295021940730091 -0.0651225596431119 0.031244238397769 -0.023797408552886 0.0842832500253698 0.0236076351405715 0.0846367035768697 -0.147677519635999 0.0131696222918707 0.101657654147199 0.0377098140095664 -0.116793736836904 -0.0862716335264055 0.00182378315402406 0.0165298216491478 -0.00992041501044205 -0.137689387835226 0.0353022797603507 0.0787794170603165 0.0587218700491864 -0.0415936342290924 -0.0831677402829323 -0.0427512303060124 -0.00338101278647163 -0.0502590581798188 -0.0987907328994078 0.110582227045354 -0.0549266162309804 -0.126910735997564 -0.0477552708902251 0.0327423344967838 0.0762406025092155 0.0564527570794355 0.0818391981310613 -0.0543072503826161 -0.0920015250081792
5 0.0577126260508366 0.0192920833073343 0.0585676788553336 0.00906856284676724 0.813806089855001 0.0509076016198634 0.00840754996915406 0.0734773199758508 0.0681532013667337 0.0299654854140327 0.00538934954856535 0.0229190902908263 0.0307874918020544 0.00938679131882514 -0.00498714915626485 0.049410217564069 -0.0223789655382465 -0.00605553184300378 -0.0611847559397413 -0.0688224952901952 0.132972806605823 -0.0578807522393268 -0.107466906367657 0.153187095866885 -0.0793537884151454 0.0769368985297227 -0.0308634985841683 0.045066119756021 0.0254868742725244 0.0815958345550555 -0.0442992971698929 0.00163094046028754 -0.000159268987816308 -0.180378078416099 0.0427105515514921 -0.0081546113586314 0.0221797722536533 0.0279751168845596 0.00475605070709792 -0.119360668072119 0.0572185284190681 -0.0617900417925238 -0.0995941200795439 -0.0181398421762968 0.0545704019175558 0.0551045011043583 -0.0432383323489029 -0.063164218250824 0.0829827789471808 -0.0292102500074147 0.0455563379738917 0.106555561967471 -0.0503628764918072 0.0222879497917139 -0.167236612739916 -0.0762963034566333 -8.01288509818487e-05 -0.222709646274215 -0.0519153072549382 -0.00673970630464795 -0.102693119344313 -0.00217106753819115 0.0604391480293106 0.0287053364766773 -0.124634649926945 -0.0562497017375717 0.0455229656643509 -0.00750380375109507 0.0180610887295662
6 0.0228490165007686 -0.0656432077848052 0.0404909534039842 0.057572299566554 0.0509076016198634 0.854293411930247 -0.0658510301500278 0.05162211979147 0.0808369509663011 -0.071894836728453 0.08944446348074 -0.0729653880702806 0.063204995773467 0.0154214011025179 -0.122064341362761 -0.0675183890218558 0.0199427498380348 -0.133976503414747 -0.0886471531834021 -0.0450359982136734 -0.0491400554172733 -0.0366725341384976 -0.0765327419690912 0.0499002744289264 0.024169089478524 0.0462589826711396 0.0936124864241768 -0.0327078232168137 0.0513419182644866 0.121966264921562 0.0520553895993134 -0.0511655487417536 0.0322805568348139 -0.0332524156102995 -0.05207875733381 0.0192122176553284 0.0940002522818538 0.0351763075911451 0.0296129014111884 -0.0194164012931449 0.0551300652915456 -0.0397576275485043 -0.014925797921042 0.0926533655717153 -0.114148924987162 0.0368475936581609 -0.131659786968503 -0.0320893571145294 -0.105102270378928 -0.154993844883408 0.0765502986783535 -0.107778606340013 -0.0493233153110168 -0.0433829842873907 0.123624452907921 -0.0811038991275773 0.126997913692494 -0.0754392752127903 -0.0694880949410126 0.0108590591561496 7.12774750415712e-05 0.0447384580488549 0.0322990542027224 -0.0439776721088607 -0.181362099421085 -0.00931855910982365 -0.014610344205612 0.150250410084448 -0.0500398662453469
7 -0.0343800340062325 -0.0762171309349959 0.0834652412914534 0.125295950088225 0.00840754996915406 -0.0658510301500278 1.04218035935017 0.141114110018399 -0.0878959339647323 0.0127192286557515 0.0941006495221322 -0.034937389656605 0.171527077296474 0.0362045045299123 0.00379923242225839 0.0829592465076419 -0.0722858382590997 -0.106484707312476 0.00565100365079469 -0.0407216156573949 0.175435752119374 -0.00161055064773026 -0.111333530630872 0.119110954370053 -0.0719902100193197 -0.0665695709092431 0.0335617524401321 0.0760239922419791 0.117437971216529 0.0328669517758497 0.112198958988689 0.0682668863878744 -0.0116010145881114 -0.0878387025975549 -0.0877103796502856 -0.111741809512404 -0.110331754083908 0.0364935473190725 -0.00940646840999786 -0.00996729496399019 0.025820277435683 0.0185016857242459 0.0410917736204104 -0.0512807605547823 -0.103030632361267 -0.0118590034390996 0.0716207863054952 0.0486644334526832 0.0601409299798397 -0.0460080926129195 0.028727729051669 -0.00412587927412742 0.0398008601298006 0.0322444976809929 0.0929618723588587 -0.0391621711964731 -0.0238244933747744 -0.146749900375375 0.0341019140991065 -0.106944342587172 0.0406628673611682 -0.0259097674826666 0.121686094671827 0.0715235214721026 0.0119559828605094 -0.0800157041615785 -0.137338475018268 0.0401347956673654 -0.104420517184663
8 -0.0751349511630796 0.0298551199241242 0.0817249714169953 0.0169257967793251 0.0734773199758508 0.0516221197914699 0.141114110018399 1.02809780717007 -0.0688027925648479 -0.106287385225844 0.345462332385692 0.130891103759601 0.408332296309185 0.0855280139064164 0.331137505792311 0.246852583573087 0.00659527401148038 -0.0553194143437488 -0.139753003031991 -0.0494283029522255 0.0513478647123408 0.0438639124720649 -0.101104231936388 0.295595735278346 -0.0790930075644782 0.205038685887239 0.138632330675128 0.0261558393657315 0.0062980724351442 -0.0747983465603421 0.120102308202566 -0.0218632072409981 0.00301906604995638 -0.0334533160824788 0.0728973765966292 0.00706157136154387 0.0222712067770903 -0.105311047037157 -0.0620875264970293 0.0517114817411921 0.183143822631395 -0.0299858463480696 -0.0747891247618551 -0.311732794020739 -0.123615398776549 0.0674129405555189 -0.0356282110604821 0.0640644629084158 0.172323378898593 0.169274005854216 -0.110115090172125 0.0187323910034405 -0.145237711679301 0.0382424513449631 -0.127578449806204 -0.0277753921917883 -0.0233424778814802 -0.241223109257866 -0.272475343973166 -0.0955183103364519 -0.011978744273811 0.059305117343774 0.0860912058235415 -0.00269501000542383 0.038532875832099 -0.013403994644722 0.0991797388661631 0.103292212347836 0.0362156949026318
9 -0.098584243423316 -0.0337864767616898 -0.0665245058472226 0.101049154664965 0.0681532013667337 0.0808369509663011 -0.0878959339647323 -0.0688027925648479 1.16999398000421 -0.169828256439295 -0.0243860182244579 -0.0531725582119389 -0.151405923173197 0.040690304990975 0.0463471291154221 -0.122722440204848 -0.0459328538090927 0.0498235811827923 -0.0155877951197007 0.00637467431275585 0.251355996782791 -0.052435035736471 0.0159245602789667 -0.0331452548584873 0.149760764512843 0.0971674296352632 -0.0287400003660885 0.0267381025009027 -0.0176806234181764 -0.0303171498384935 0.0798505631110739 -0.0381202848224859 0.0144820046379247 -0.095882831694158 -0.0513570275192573 0.0287898207726031 0.0425956037212878 0.14605851786558 -0.0878567550119693 -0.103921685166398 -0.080783682290127 -0.0354595653869294 0.057532099920794 0.142771766754117 0.0361360495199266 -0.0243147211439691 -0.0693727474313634 -0.019324819606038 -0.0507515887789388 0.0423251256305091 -0.0095762896081477 0.0838350430343398 0.0367812426505554 -0.0921601670104535 -0.0192971842279485 -0.0307560352592704 -0.0478125113429614 -0.021155985556351 0.0336197968583995 0.0443971241462469 -0.120355741240044 -0.0761873252456511 -0.060294590643077 -0.0397364705385891 -0.0466978214029209 0.0246187039836864 -0.0297181806044525 -0.103964117279112 -0.0063327900954167
10 -0.0185724512020798 -0.00846235852733056 -0.0503125225758604 0.0196551146356474 0.0299654854140327 -0.071894836728453 0.0127192286557515 -0.106287385225844 -0.169828256439295 0.932595587749529 -0.056475454602631 0.0636716422704463 0.0247873155383969 0.0350864116495616 -0.0813517834983377 0.00214456947667386 0.180324578066022 -0.0534115691106835 -0.073124667336562 -0.0431484227360899 -0.0926851356992961 0.0697527033972448 0.0948383537686631 -0.0772938920396894 -0.0740650830472595 -0.0699810457200633 -0.124541446104426 -0.0455208002784535 -0.0427002911714092 -0.100512733592262 -0.177288806356885 -0.0180401313010751 -0.0648125045721742 0.0336677953338415 -0.103297086366415 0.0666138003859956 -0.0434836674285632 -0.0899933254060569 0.103176918151397 -0.0413843757840017 0.058589705654356 0.0350731162604283 0.0284081598623201 0.135555939994772 -0.0676693874176641 0.0825875358767867 0.0249207686086916 0.0379950642593832 -0.147621915555151 -0.0373257857904342 0.108865752689987 -0.0114203760827526 -0.00817866551187765 0.0355433367515317 -0.114802712376545 0.170734590436254 0.05360387561801 -0.0480798077114146 0.0492240449580455 -0.00728466324880957 0.116364409648094 0.0142164418202361 0.0597249778714357 0.0571546501036346 -0.101549305985775 -0.00637957082890741 0.0291640836159072 -0.0411481254222622 0.0651531142921247
11 0.072509257671484 -0.0397312210996574 -0.0170575399358805 -0.089757882877375 0.00538934954856536 0.08944446348074 0.0941006495221322 0.345462332385692 -0.0243860182244579 -0.056475454602631 0.743456237773638 -0.0317788895751578 0.139699315327093 0.166253652172303 0.134387064373252 0.243348549096671 -0.0920426074593893 -0.140052607860565 -0.147282528531808 -0.00291299100064418 -0.0602459031816815 0.111348160166063 -0.11189950655187 0.0444215298009619 -0.00181116045344937 0.145374304568353 0.178854615397914 0.0907476576848343 0.0257390207798582 -0.120747687071003 -0.00857604805076572 0.0103459791006312 0.0077095532980996 -0.0392926672840357 -0.0168730723143913 -0.148369456639283 0.0191625742109438 -0.210226557616797 -0.0127907163806714 -0.0578472720356008 0.0985236833002219 -0.029310531945567 -0.0420366870189235 -0.0726496341595863 -0.159303330236655 0.0342106702236809 -0.0329429265843412 0.0686351600465312 0.169936554326176 0.0170562831363095 0.0590478994177364 -0.0814771602567158 -0.0932103337090582 0.0392518444983784 0.101041571438146 0.00578460362869188 0.112245599978803 0.0190156396213091 -0.195617065510992 0.0811664201600587 -0.0093668873155173 -0.128100645910228 0.0639412600527054 -0.0197972453658862 -0.137418355178499 -0.195704617035182 -0.016037469946585 0.0535474773267534 -0.00703988877639109
12 -0.237034716729592 0.0516661376724159 -0.0817766454686884 -0.0883391836166838 0.0229190902908263 -0.0729653880702806 -0.034937389656605 0.130891103759601 -0.0531725582119389 0.0636716422704463 -0.0317788895751578 0.40977275065282 0.0653695471240565 0.0307846290765723 -0.0307920791185679 0.0317933353344259 0.0371941881106715 0.212117989859252 0.000493291358356839 -0.0468562202502533 -0.028029489856775 0.109437512141402 0.00654439396224191 0.121445006457171 -0.00140129564974298 -0.0393339184751529 -0.0394475345582007 -0.0725094838859361 -0.0650175131402091 -0.142191921666903 -0.0128239534700686 -0.0525938930711009 -0.112074081365971 -0.0306297453770314 0.012830107746685 -0.0274575136817597 -0.00578961267251663 0.0345506940512797 -0.048390616497944 -0.00993357592956728 0.122251532570588 0.0918849166439072 -0.0458753226858383 -0.140937701635415 0.143064721634088 0.0997980034836026 -0.0581489949045992 -0.0305274998519818 -0.0245320366457098 0.108489395991953 -0.0546031403225693 0.100064422069863 -0.00120294861288158 -0.0466160714978638 -0.103804353368211 -0.0592304283448815 0.0311625822058664 -0.0257123291520556 0.048343532714536 -0.0762386488429632 0.025161237825333 0.147262725702776 -0.0539419360146231 0.0178318938106662 0.0815861469757664 0.128604460165744 -0.0283905789087758 0.0680583164838384 0.0237427118304923
13 -0.0777791886693138 0.0383143294124195 0.10987376895955 -0.0122474362085109 0.0307874918020544 0.063204995773467 0.171527077296474 0.408332296309185 -0.151405923173197 0.0247873155383969 0.139699315327093 0.0653695471240565 0.729846033373255 0.0442610166947413 0.0747114981846071 0.164779753055009 0.0956970125821853 -0.108213346342001 -0.119769166622364 0.00165204169257861 0.0183019612581734 0.0286485514415112 -0.219971838129467 0.187107039310217 -0.142676699279547 0.0594188919621389 0.163779024095225 0.0205089258741193 0.0607441661355776 0.0541065348208251 -0.0842010475879543 0.0284825544582343 0.0110083391079784 -0.114963595665268 0.012388072093397 -0.128263788965848 -0.0863299738688917 -0.130191489779342 0.0208213381176446 -0.00222431310690642 0.178930474737715 0.00256415481253619 -0.0211533281059194 -0.155349327799215 -0.107530395997439 0.0691753449965988 0.017040237226164 -0.053801697177951 0.0656980401849447 -0.0598611228418106 -0.0139251089912832 0.00974792886196076 -0.0631322630174388 0.0183623306873661 -0.00494298388966652 0.0475460445833635 0.0733104470556125 -0.121307233668835 -0.125935502517667 0.0165290551044287 0.0164118369361511 0.018332340852599 0.117460874883796 0.125698794835767 0.0108713987558599 -0.0411236006633566 0.0172970972293657 0.117479991424456 -0.107072492664031
14 0.160507009372917 -0.0166867138293916 -0.0754146762852419 -0.118989369300499 0.00938679131882514 0.0154214011025179 0.0362045045299123 0.0855280139064164 0.040690304990975 0.0350864116495616 0.166253652172303 0.0307846290765723 0.0442610166947413 0.825214417973728 0.0928674189346017 0.106463386135085 0.117547674876302 -0.147035863700349 0.0922431145714999 0.0584757445454307 -0.12900779622963 -0.0709319196618849 0.0379380937342798 -0.115276045290937 -0.067870863286822 -0.153088235547105 0.0891771702092161 0.147758737393732 0.102237111018646 -0.144099808620202 0.0154737908901185 -0.0462333679165796 -0.0118902180415876 0.0842245437536369 -0.140091303143734 -0.0711040434971628 0.0208214188321449 -0.190563131341382 -0.0444958939341855 -0.065351742096043 -0.0104370246136618 0.0429307463159214 -0.0496359062396193 0.0137136922204216 -0.125970986695913 0.0133061876753697 -0.0788526635183899 0.0546390865991688 0.0842508011433929 5.81485997363361e-05 -0.0355140111784959 -0.131393666201359 -0.1047955870225 0.0204999829818488 0.0020700849796212 0.115514517179071 -0.00323898097304621 -0.0139436720892385 -0.116635344301081 -0.0649978836347838 -0.139305662723691 -0.00166691765232924 0.0953625932583182 0.0452572973968017 -0.100444090223473 0.0560766061723254 -0.0785796663258674 0.0561059166420511 0.0897094372347295
15 0.00511916732053855 0.0161323819229793 0.048942654611433 -0.0903474706914284 -0.00498714915626486 -0.122064341362761 0.00379923242225839 0.331137505792311 0.0463471291154221 -0.0813517834983377 0.134387064373252 -0.0307920791185679 0.0747114981846071 0.0928674189346017 0.929831046047321 0.0815238458464343 -0.00289326752545127 -0.0822452435610748 -0.0534412909287792 0.0372262359456304 0.022897045367052 0.0994003296837211 0.0697690578594691 -0.013901258024473 0.105666013145051 0.0372280781920735 -0.0383427330579959 -0.00721697602065809 -0.0129336309649954 -0.227499516025664 0.106326518960628 0.016984995869142 0.0788862439643417 -0.101947341310162 -0.0100179671430262 -0.19246250960418 -0.00174628439098136 -0.181618349572128 -0.0724012876495257 0.0641368849131535 0.0404680250379149 -0.0180822654980212 0.0197105705253242 -0.052290702054982 -0.0798383638247251 0.00457868229938229 0.00213364341485992 0.0621315042406477 0.134190928482345 0.0522462255554173 -0.0658084805963507 -0.165764886199015 -0.0737352276363826 -0.0208966168370464 0.00957366744316549 0.151336819183391 0.0622781046210626 -0.102407555279673 -0.0950575776972304 -0.0280218670640817 -0.0471475205866661 -0.0224134427166898 0.0702839656138683 0.0381144835145155 0.0656818138378066 -0.00841961865729268 0.0273921813950359 -0.0571582417030828 0.0682027606408215
16 -0.0567351294642758 -0.0483625119336328 0.0549726502618259 -0.050331552612967 0.049410217564069 -0.0675183890218558 0.0829592465076419 0.246852583573087 -0.122722440204848 0.00214456947667386 0.243348549096671 0.0317933353344259 0.164779753055009 0.106463386135085 0.0815238458464343 0.591994036643784 0.0167089599847658 -0.165380695814712 -0.104238512703057 -0.0812601456404497 0.162348793839158 0.00353590723740414 -0.0937279726472763 0.103491113956804 -0.0298787448016715 -0.0142007298881161 0.111893448278169 0.0763149587066374 -0.048368227915052 -0.131386152366907 0.0927703761598671 -0.0644875485558565 0.0388023145435262 -0.0755552339916209 -0.0280896429040885 -0.120010872023268 -0.112507841441108 -0.123145308908353 -0.0102975964001238 0.0518922446862817 0.122007517256829 -0.10975497024321 0.00202832017081386 -0.0915843445054993 -0.100119223696035 0.0650603994704955 -0.0938116969713937 0.120985151945859 0.204888850680467 0.0821176394416859 0.00837456703915801 -0.088939847203963 -0.113796777069924 0.00461519581982893 -0.0153557415094452 -0.050771072792298 0.0278560667699893 -0.029865677358641 -0.094071482940754 -0.0317642796974229 -0.0275547400183994 -0.0726147501516011 0.0223040400021004 0.0412932442067514 0.0272771814208071 -0.0722533389507192 0.0435395054556034 0.10795925422761 0.0165159114104693
17 0.0267534388346151 0.0402467697509446 -0.0463345413249696 -0.0102225163020664 -0.0223789655382465 0.0199427498380348 -0.0722858382590997 0.00659527401148038 -0.0459328538090927 0.180324578066022 -0.0920426074593893 0.0371941881106715 0.0956970125821853 0.117547674876302 -0.00289326752545127 0.0167089599847659 0.85281929339615 -0.066990659709612 -0.0664696476073125 0.0854675868271299 -0.114836401965998 -0.0184967368554951 0.114688788665389 -0.0121534537932612 0.0529593433373043 -0.0797122894986859 -0.0277126375648936 -0.0369026781102842 -0.101913787135375 -0.016762754716747 0.0288046725330917 0.0877284608285671 0.0619002208529877 0.0483897711074207 -0.0681299029165233 -0.158762219144522 -0.0604796194016111 -0.0813579324181253 0.0642039833106929 0.01747071521917 0.0931809311073475 0.0952780801588184 0.0599397697870547 -0.0209125652485666 0.0442392436575664 0.0599191780139325 -0.00320962715521215 0.0147089366710175 -0.00299136566885664 -0.00649370776233757 0.0945373569985693 -0.120798583248142 -0.154180631340944 -0.0162544328814179 0.0302939364333776 0.0969533039413257 0.0535642456056467 0.0126573608239107 -0.0661919502112777 -0.00164825711266316 -0.089242768502884 0.0462346166927412 0.0331240153849165 -0.0504193918002738 -0.0881949001692726 0.0221053308246881 -0.0881660859216684 -0.0206984627415196 -0.129566292738463
18 -0.254643744462936 0.0777907527475291 -0.0878904816224702 -0.00185273479399221 -0.00605553184300377 -0.133976503414747 -0.106484707312476 -0.0553194143437488 0.0498235811827923 -0.0534115691106835 -0.140052607860565 0.212117989859252 -0.108213346342001 -0.147035863700349 -0.0822452435610748 -0.165380695814712 -0.066990659709612 0.824110224033659 0.136526763987976 -0.0413323425449737 0.100078450507473 0.00987540044934973 0.147192474683304 -0.0669679833351381 0.0372312506387816 -0.0279086356869739 -0.109961924869224 -0.0196572278264775 -0.166958402164917 0.0246098484055121 -0.125872802472105 -0.0994444094240381 -0.0899532295886609 0.0567885239579235 0.13182575668622 0.0801985202965806 -0.0410521611240802 0.186065988203331 -0.0292968461685896 -0.0070068590425675 -0.0923131311797156 0.162398905284859 0.0493988070967549 -0.0823799555373073 0.21417103679033 -0.0811670025641666 -0.0132723613378147 -0.102407823029916 -0.0607117168762664 0.123425518325166 -0.0894642241760681 0.187033000719946 0.175648111563386 -0.14326200907776 -0.197293010050636 -0.0712895559257952 -0.0717127203581954 0.0348216044654286 0.164706344468998 -0.0260061466194768 0.0273441139509064 0.145086856857219 -0.148557767708359 -0.0302821356849043 0.119376705333703 0.0969834311738675 -0.0247520800468056 -0.138361773531083 -0.0956371555541387
19 0.0756947559577245 0.0110451780373469 -0.0201642492754799 -0.0701962630007277 -0.0611847559397413 -0.0886471531834021 0.00565100365079469 -0.139753003031991 -0.0155877951197007 -0.073124667336562 -0.147282528531808 0.000493291358356839 -0.119769166622364 0.0922431145714999 -0.0534412909287792 -0.104238512703057 -0.0664696476073125 0.136526763987976 1.23967340710569 0.0843880319120591 -0.101257896328569 -0.137245258204352 0.294322926384793 -0.15336715102846 -0.113061580088701 -0.0264835199224526 0.0480120341818367 -0.106658508695064 -0.026322744657504 0.084059011722941 -0.110478411620576 -0.104198912086219 -0.019791083934222 0.0724812574924879 0.0405965518239359 0.103005744529627 0.142549335712655 -0.0581538715191057 -0.0193191595072113 -0.0143360850939753 -0.139804351417756 0.0952773058018681 0.0380587400237181 0.0508251689761609 -0.000432370285468484 -0.138925748531052 0.0925051942388428 -0.0781066746408582 -0.0601144968362154 0.12827435221091 -0.159717140213565 0.000264223385119353 -0.0154752689716932 0.0308330325207425 -0.0302021495689924 -0.102854515885424 -0.106670062914143 0.056984642509145 0.0446930823703162 -0.0661951647080809 -0.0108191639497608 -0.0449723525282281 -0.0551384057530698 -0.076482454628837 0.150226269506262 0.0503723165467493 0.0195275033062966 -0.210770525580401 -0.054884615186404
20 0.0386543505130349 -0.121765852112084 -0.086001828702135 0.0655200476853556 -0.0688224952901952 -0.0450359982136734 -0.0407216156573949 -0.0494283029522255 0.00637467431275584 -0.0431484227360899 -0.00291299100064419 -0.0468562202502533 0.00165204169257861 0.0584757445454307 0.0372262359456304 -0.0812601456404497 0.0854675868271299 -0.0413323425449737 0.0843880319120591 0.959306679254629 -0.129453416212228 -0.0614890513357136 -0.0269061087071956 0.0362394559136701 0.0511741736043121 -0.0874356067811349 -0.0713862263969238 -0.0189651715878969 0.0288144566143532 -0.0572892151434624 -0.0370244993129283 0.113349924076252 -0.0626484028817441 -0.0568927382761094 -0.0771213088321217 0.0080967120325616 -0.0895392770751408 -0.0549107155103801 0.0160164900618458 -0.12798354630634 -0.0321505130935725 0.0303239271788157 0.0908099372733216 0.10181468847197 -0.0306625266874204 -0.0112703437187548 0.0502684117369624 -0.0589997144967128 -0.049975474762396 -0.0582934640592303 0.126248551958953 0.0548916138137553 0.0196638636392674 0.00925595710430224 0.0568458703042618 0.116735554660084 0.00165005343992289 0.112029232112555 0.0214973231749928 0.0410268261289901 -0.156134260323891 -0.0236652345770597 0.0014735952864998 -0.0726610033446779 -0.0311541625007623 -0.0708030517676292 0.0599162310176697 -0.0332201582764675 -0.0286627511619082
21 -0.107445466751966 0.0561134875701351 0.122059395565689 0.0484053479574333 0.132972806605823 -0.0491400554172733 0.175435752119374 0.0513478647123408 0.251355996782791 -0.0926851356992961 -0.0602459031816815 -0.028029489856775 0.0183019612581734 -0.12900779622963 0.022897045367052 0.162348793839158 -0.114836401965998 0.100078450507473 -0.101257896328569 -0.129453416212228 1.20199557890322 0.00974186094510513 -0.00967750179785977 0.00172789976883524 0.0893459023149622 -0.18229409938352 -0.0761436135272434 -0.0358629498707705 -0.094568055900537 0.00986104201129089 -0.112819413135749 -0.124082496449537 0.000359614052341267 0.0278244688522696 0.0142268723041697 -0.0448447959200851 -0.115655406404608 0.176704544768181 0.0196733839316771 -0.0278824175470751 -0.000540657667283421 -0.00718587206147523 -0.0322553043352402 -0.0602974595048053 0.052926624237331 0.0202913440110565 0.00762557412233207 -0.0423748186375907 -0.0129804617918923 0.0800235011742562 -0.0462959535359219 0.0990183621049003 0.17756455955292 -0.133300018781249 -0.0810878124425039 -0.0897921052496637 0.135889130763267 -0.0359236736787661 0.0392616708627239 -0.0987677374643828 -0.0641547247300156 -0.000408398697488518 -0.0429117579614997 -0.0034304814923898 0.0160887473371871 -0.103026123187979 0.117319995414925 -0.124757747446527 -0.103914300138047
22 -0.108526021028564 -0.00830813891536645 -0.158225901738914 -0.0225230601105394 -0.0578807522393268 -0.0366725341384976 -0.00161055064773026 0.0438639124720649 -0.052435035736471 0.0697527033972448 0.111348160166063 0.109437512141402 0.0286485514415112 -0.0709319196618849 0.0994003296837211 0.00353590723740413 -0.0184967368554951 0.00987540044934972 -0.137245258204352 -0.0614890513357136 0.00974186094510515 1.01844650904835 -0.0906838493346482 -0.0847597937182662 0.0834633884526131 0.0950420678830103 -0.113993004432925 -0.0656679802743529 0.00623074315334655 0.000857909753427028 -0.0539631339124676 -0.0226393443798657 0.00524861845433535 -0.0909790435601065 0.026769121568365 0.0462949808279508 -0.0352759595066052 0.0587064367672975 0.054858633287269 -0.181567150467634 -0.0097594757449523 0.0425097890108367 0.0481067273360842 -0.0369342764975889 -0.068358151071823 0.0288831701347524 0.0199862505128823 0.018843541039616 0.00912216053191224 0.0618866007700536 0.118709128440341 -0.160006986114626 0.104948650723007 0.00665149484629201 -0.0606565156248573 -0.0511870382986797 -0.0177910272129851 -0.0455475950156682 -0.00467966097138584 0.0305337010591617 0.0849856018322919 -0.00801989656991591 -0.0832935305646286 -0.0562417610417908 0.0139539597185003 0.113694691562904 -0.00643362399401053 0.11381351003365 0.0223109369922008
23 0.0591322454351432 -0.0311045519181251 0.0130049653747935 0.143235859611856 -0.107466906367657 -0.0765327419690912 -0.111333530630872 -0.101104231936388 0.0159245602789667 0.0948383537686632 -0.11189950655187 0.0065443939622419 -0.219971838129467 0.0379380937342798 0.0697690578594691 -0.0937279726472763 0.114688788665389 0.147192474683304 0.294322926384793 -0.0269061087071956 -0.00967750179785975 -0.0906838493346483 1.18012480040225 -0.253366138238456 0.0261964018858459 -0.186189428517904 -0.144091283016262 -0.10326941196631 -0.165022612602072 0.0649525822073327 -0.034555283591554 -0.125344256341946 -0.0444853705597191 0.191993411608511 -0.0113495287731204 -0.00532366421191461 0.00129146212104661 -0.0560896333590574 0.112128435433653 0.14895952601879 -0.166486014739895 0.142640502572043 0.0749003385292766 0.0103589126125963 0.0983881667566138 -0.0457161187771345 -0.0405606098024324 -0.0753554932335516 -0.00712142383705483 0.0222839123625486 -0.0363065368555407 -0.017266553395601 -0.0336505159089852 -0.0258153553382806 0.0395796283633806 -0.0332792825448967 0.0285432065042386 0.099693264796097 0.00492201017310754 -0.0403051165460654 -0.0695435241801753 -0.0281424581396854 -0.0443150570955664 -0.0983026703369191 0.0827289521144528 -0.0818141233121946 -0.0257645418572657 -0.109817912587184 -0.0547368635011529
24 -0.01495837838549 0.0363903741756835 0.100288655940165 0.00733421039589905 0.153187095866885 0.0499002744289264 0.119110954370053 0.295595735278346 -0.0331452548584873 -0.0772938920396894 0.0444215298009619 0.121445006457171 0.187107039310217 -0.115276045290937 -0.013901258024473 0.103491113956804 -0.0121534537932612 -0.0669679833351381 -0.15336715102846 0.0362394559136701 0.00172789976883525 -0.0847597937182662 -0.253366138238456 0.676656091910045 -0.0524054594214773 0.0427396916706878 0.023880063889658 -0.0301110069649546 0.0741590553534749 0.0251317579557872 0.0952527239868133 0.0744557351256318 -0.0400501160687236 -0.203736755088286 0.0760871128487418 -0.125147276265519 -0.0737935002812003 0.127056971795888 -0.115052526929894 0.0578972096071129 0.255094617121206 -0.0700219568811192 -0.15280306363466 -0.0649751444564318 0.0112849409228138 0.167364524556053 -0.157657421550369 -0.00631932942948481 0.088911662851146 0.0872964567470288 -0.0533408044286752 0.172944905723305 -0.0407797985597852 0.0511968187881206 0.00261817279538001 -0.107643868852903 0.0196850723783702 -0.107692868808479 -0.100495135442652 -0.117828581930966 0.0377463556090413 0.156004424717692 0.00490372463903432 0.115717150969861 0.0223842036109911 -0.0390029936349791 0.0023816981964024 0.123387740069704 0.0317949394180977
25 -0.108082823967162 -0.0168006250742525 -0.191345707168177 0.154245712849599 -0.0793537884151454 0.024169089478524 -0.0719902100193197 -0.0790930075644782 0.149760764512843 -0.0740650830472595 -0.00181116045344937 -0.00140129564974298 -0.142676699279547 -0.067870863286822 0.105666013145051 -0.0298787448016715 0.0529593433373043 0.0372312506387817 -0.113061580088701 0.0511741736043121 0.0893459023149622 0.0834633884526132 0.0261964018858459 -0.0524054594214773 1.16924969436307 -0.102520325014514 -0.154664789666816 -0.10522988554652 -0.164068150037983 -0.0600967733136177 0.0288065135430421 -0.0398604795207161 -0.0607748425896757 0.0276601376069882 -0.0543450198208285 0.017080457293535 -0.0845977392788406 0.0602160380558093 -0.160625308840925 0.119758465335082 -0.0252014945460385 0.00943023332062925 0.13324369839356 0.0483921263692073 0.0893379367769061 -0.0512581569657953 0.0916190538646896 0.0138625562104884 -0.0299555091974246 0.0276673169170629 0.0287917214096812 0.040704497315947 0.145682333414738 -0.13278478995033 -0.050935665073769 -0.0459251451589839 0.157456745079702 0.123066688304115 0.105265611458489 -0.0470513493664322 -0.157845968321905 -0.0171994201445119 -0.135611906281697 -0.033029150670221 -0.0857781896223261 0.090485367907067 0.00558499397368393 -0.101877319934688 -0.154404406159217
26 0.194921741522295 0.0528780992894718 0.083024182353532 -0.040140173463645 0.0769368985297227 0.0462589826711396 -0.0665695709092431 0.205038685887239 0.0971674296352633 -0.0699810457200633 0.145374304568353 -0.0393339184751529 0.0594188919621389 -0.153088235547105 0.0372280781920735 -0.0142007298881161 -0.0797122894986859 -0.0279086356869739 -0.0264835199224526 -0.0874356067811349 -0.18229409938352 0.0950420678830103 -0.186189428517904 0.0427396916706878 -0.102520325014514 1.03237753499494 0.103683017513342 0.0312700611428641 0.0259635352600351 0.0450449649440874 -0.0468612248488216 0.104461914950461 0.0450459750291912 -0.106670149082724 0.0190802249439663 0.0144416071552369 0.0369798968452345 0.00171329352500518 -0.167622117859522 -0.121047086889771 0.00859865850339539 -0.0531256177435188 -0.00269792047877554 -0.043493004278455 -0.0821519797867306 0.0225872498542046 0.064514490300504 0.0345692692764379 0.00218996532472727 0.0637481234646424 -0.0457937020522527 -0.00582639988478593 -0.15120531158417 -0.0348743783558992 -0.140622346215308 0.00937764979526144 -0.0674842800764961 -0.0615797626098478 -0.0987604154140039 0.0301614149651747 0.14317557503023 -0.0893969373258396 -0.0220760470793705 -0.0453430302924013 -0.107633198415346 -0.0293167092555104 0.03350967649125 0.0149130152594774 0.0668389862160833
27 0.091813790043877 0.0589297403664653 0.0914404434101968 -0.0900633592319615 -0.0308634985841683 0.0936124864241768 0.0335617524401321 0.138632330675128 -0.0287400003660886 -0.124541446104426 0.178854615397914 -0.0394475345582007 0.163779024095225 0.0891771702092161 -0.0383427330579959 0.111893448278169 -0.0277126375648936 -0.109961924869224 0.0480120341818367 -0.0713862263969238 -0.0761436135272434 -0.113993004432925 -0.144091283016262 0.023880063889658 -0.154664789666816 0.103683017513342 1.06957161420206 0.046223096665371 0.0673245715652749 0.0869651390372028 0.0848662149879618 -0.0106358819894264 0.048898123197737 0.0458996456173853 -0.0588395331326839 0.0613111671912178 0.0264534251134027 -0.146069438718913 -0.155846145272072 -0.00739056155523209 0.0929433243252059 0.0328252779207824 0.0438917016732136 -0.144830143474552 -0.0777538632835482 0.0542580491957435 -0.0304847648749623 -0.0210027672473989 0.0389327981774286 0.00913203509307354 -0.00356067892022987 -0.0656204593331817 -0.196432748771514 0.0107887225590502 -0.0665199524544187 -0.0864443451499706 -0.0408573560174003 0.0215084142743979 -0.122848312053058 0.0261358949641808 -0.0196228692657895 0.00741137195459165 0.112442555832689 -0.0237302839982369 0.0605719072917914 0.0623389284368715 -0.0283726130587348 -0.00137000809720583 -0.131001904937418
28 -0.00446098634110446 -0.0579712419582953 0.0627446033074368 -0.0292909286031922 0.045066119756021 -0.0327078232168137 0.0760239922419791 0.0261558393657315 0.0267381025009027 -0.0455208002784535 0.0907476576848343 -0.0725094838859361 0.0205089258741193 0.147758737393732 -0.00721697602065809 0.0763149587066375 -0.0369026781102842 -0.0196572278264775 -0.106658508695064 -0.0189651715878969 -0.0358629498707705 -0.0656679802743529 -0.10326941196631 -0.0301110069649546 -0.10522988554652 0.0312700611428641 0.046223096665371 0.937840340360894 0.0672578862762977 0.0152127743489483 0.109799214753464 0.013734440255209 0.0731369926822728 0.204448601686838 -0.00781876695394038 -0.0533104151504153 -0.00181494301725952 -0.0231595233032705 -0.00625789124358654 -0.0128870998869094 -0.000513876710548553 -0.0519822560445197 -0.0778668279598931 -0.00575381884991527 -0.0840559929561358 -0.0278744035547529 -0.119783644185943 0.131979171942565 0.00540780211222429 -0.0421677752418891 0.0762129249800842 -0.0843834856637259 -0.219885903562588 -0.0419398238200895 0.0938458325113619 -0.0293916596536267 -0.0849829183114534 -0.0533366592111141 -0.0585368319410765 0.0648599322661578 -0.0885681079494345 -0.0944742384019099 0.0661441843919411 -0.0225151506473737 -0.12283200559703 -0.0690813277454504 -0.0121763627347267 0.0446686391914406 0.0222512846513913
29 0.173291867477101 0.114268378624335 0.0568552435797235 -0.0157700487523226 0.0254868742725244 0.0513419182644866 0.117437971216529 0.00629807243514419 -0.0176806234181764 -0.0427002911714092 0.0257390207798583 -0.0650175131402091 0.0607441661355776 0.102237111018646 -0.0129336309649954 -0.048368227915052 -0.101913787135375 -0.166958402164917 -0.026322744657504 0.0288144566143532 -0.094568055900537 0.00623074315334655 -0.165022612602072 0.0741590553534749 -0.164068150037983 0.025963535260035 0.0673245715652749 0.0672578862762977 0.73855957118172 0.112980990892973 0.15667054385718 0.0909786188044105 -0.00262263737045423 -0.112117597063505 -0.05161272885572 -0.0292717706607285 -0.0529090735181422 -0.102257971447142 0.0714585292424926 -0.1785141849503 0.0364335437682863 -0.0324888071852944 -0.0888196141687009 0.105415749584672 -0.0700978285633441 0.00738286848764292 -0.0150249226209687 -0.0323824712099281 0.138554504556567 -0.103988392642258 0.0317411776441291 -0.101126993753505 -0.140656606903944 0.0516642375036092 0.093744628345896 -0.0011401725011012 0.0327229653674984 -0.0703149051885181 -0.0645442633668766 0.0196669843193778 0.0116010066440009 0.113468857353741 0.186147783438842 -0.000745529728314671 -0.033263326610627 -0.062728068468542 -0.0598578888677191 0.0567612040024168 -0.0477972242870687
30 0.14570111918004 0.0263871973415242 0.0547962164162686 0.113673582387392 0.0815958345550555 0.121966264921562 0.0328669517758497 -0.0747983465603421 -0.0303171498384935 -0.100512733592262 -0.120747687071003 -0.142191921666903 0.054106534820825 -0.144099808620202 -0.227499516025664 -0.131386152366907 -0.016762754716747 0.0246098484055122 0.084059011722941 -0.0572892151434624 0.00986104201129088 0.000857909753427025 0.0649525822073327 0.0251317579557872 -0.0600967733136178 0.0450449649440874 0.0869651390372027 0.0152127743489483 0.112980990892973 1.25211852777493 0.178824733271338 -0.0349255297628531 -0.0249224137777414 -0.00605604566129478 0.11647500147409 0.10732677277236 -0.124898267284286 0.177399374559946 0.00466329135171359 0.0319117852806035 -0.0299941719928881 0.0431086791950209 -0.110517339327944 -0.0108073889069281 -0.0679241494450686 -0.164662287118044 0.150718424695121 -0.0847632981583931 -0.0335099155210444 -0.0476921230247626 -0.0906631152067625 -0.0130158081380699 0.0370578759116618 0.0118876474265738 -0.0744094457190386 -0.0707477892902314 -0.148585820922443 -0.024791482881277 -0.0458163469667213 -0.0847532009131716 0.139624826411364 0.0267875877389084 -0.00131365111420217 -0.0737724423824789 0.0681409169458254 0.0323889774988486 -0.224097593661138 -0.150533050606285 -0.0429653991460123
