1 0.96890854229737 -0.0144014816164006 0.124444906074393 -0.0294533188015956 0.0263590971329454 -0.0342372714853643 -0.0215003664756615 -0.106289525990664 -0.107807244383822 -0.0509045583808936 0.0514039970415879 -0.21188480591071 -0.064176416806787 0.141995987505804 0.0422947969211689 -0.0955397597480666 0.0138328355989522 -0.198313162241994 0.117650489822371 0.113078589327489 -0.0924912636080166 -0.0909840512474911 0.0792145253421992 0.0272134593685158 -0.0901655558746885 0.128279467974819 0.0602560298947647 0.00926108118322471 0.170820075027169 0.107388750998927 -0.0169252682394642 -0.0250531228467396 0.192102324363115 0.0386108405904229 0.0117501850225117 -0.0824792232633869 0.00201647800067103 -0.0447739036026902 0.00223626902883759 -0.226776069856686 -5.56971016787715e-05 -0.0739131719269315 -0.0573069434568986 0.100250273811616 -0.135145428658666 -0.0301079145665225 0.0100759656379104 0.0540785027915219 0.0414081578961973 -0.0991989849072394 -0.0664278402654897 -0.0723487683093801 -0.0749707201463256 0.0176783948515445 0.00320635917236092 -0.0358433529465081 0.00880817293217577 0.019388780092355 -0.1552570055017 0.0479571873937376 -0.0815799852314424 -0.085244849248377 0.125839192133259 0.0129859924360603 -0.154111311110968 -0.182453373258401 0.0658115269931605 -0.0300224145124477 -0.0495311391384716
2 -0.0144014816164006 0.533211909691815 -0.0508960260236187 -0.0440940663322685 0.0308367800657085 -0.0572132455374737 -0.0405442197042026 0.0165793850667061 -0.0558194720638172 0.0268563117433781 -0.0166152168003988 0.051280500178435 0.00973102748645946 0.0113886568582818 -0.0480744069043618 -0.0560400056678825 0.0103403090899075 0.0671105491369499 0.06440047477016 -0.1085839972426 0.0439940796506827 0.00519144544928071 -0.0248186485098772 0.0531720615172333 -0.00519788946482231 0.00859790323492053 0.0641887687798953 -0.00690665630892114 0.12864865387448 0.0462617296585035 0.00561583355677877 -0.0128199720195931 -0.0175196801841899 -0.0303870188728607 -0.0539526934524546 -0.0946887744803488 0.0148792600304178 -0.0169814666173056 -0.0107673066377596 -0.00367130950425927 0.00715866378464846 0.0295982246604684 -0.0249314008589184 0.0060747115305183 0.0669883477859993 0.0856763605004736 -0.0194574002147758 -0.0765500161529874 -0.0869599899742824 0.0353325922531593 -0.0243799885432221 -0.0371126211978381 -0.0152165417893852 0.0685982398919113 -0.00291932706734011 -0.0106288723164097 0.0773822362506095 0.105976478991763 -0.00502827669758791 -0.122559587826908 0.096171282339045 0.156036348091711 0.119311353405273 0.0325161085930189 -0.0309700189772799 0.0118458824501163 -0.0346758685731106 -0.0613601695409752 -0.0335198322703739
3 0.124444906074393 -0.0508960260236187 0.738069667821438 0.0214520451715146 0.0221797433774662 0.018405025312312 0.117520108203399 0.0897991077133461 -0.0396605413169811 -0.00312744721991195 -0.0234454318073425 -0.0665730370001234 0.154205783727688 -0.0709805550016857 0.128764556891532 0.0282430530537253 0.0275099512047446 -0.0647247936934691 0.0129518295347797 -0.0301530570506612 0.0918116015122874 -0.164948400510023 0.0670433406905231 0.12625023700376 -0.220994927376523 0.0402812681118362 0.0787882562989327 0.0515869970802547 0.0512788483089813 -0.0353102505416994 0.0768585728960208 0.0162462924445562 0.287259149018551 -0.0494430347492237 0.00246872482793993 -0.0221881956364654 -0.0133230758721707 -0.0431733360758697 -0.0309130925094572 -0.0331767276390446 0.0207125877201746 -0.125919511544331 -0.0199756357049693 -0.0336592103135041 -0.0701183226927905 0.0262152946674757 -0.0409690240356611 0.0212066513683832 0.0184301785074937 -0.0270593511242875 0.0408697663420725 -0.00697234196219009 -0.157869428798661 0.0563889740375868 -0.0789734825113992 -0.0426411157787149 0.0277826288018087 -0.060649391013781 -0.123773145407183 -0.0151744446793837 -0.099548170996963 -0.0440801952113911 0.0920249004340152 -0.00929028127983151 -0.00414888212469318 -0.0883698597178428 -0.0390688284594336 0.0562481460417926 -0.161801373612553
4 -0.0294533188015956 -0.0440940663322685 0.0214520451715146 1.00226127546582 -0.0144102874465006 0.0795533233834966 0.111750844407732 -0.0373275373721583 0.05874683118275 0.0488460189918579 -0.0993344970684969 -0.0621976933823899 -0.0230327626835033 -0.0487286416990453 -0.0963189070947674 -0.0369805400396492 0.033684193295415 0.0223211777093516 0.00960182897890685 0.0992724467372968 0.0370736566755415 -0.0462031457480269 0.153842212717676 0.0333913680450579 0.213702971085764 -0.133780430860339 -0.0538449722837772 -0.052332291434926 0.00974133746887282 0.0215565013783093 0.0567571102257525 -0.0626337725202338 -0.142618189527961 0.0484879213707099 -0.127105943588116 -0.014670122487113 -0.0452258790014604 0.0201572195837121 -0.0650891876034478 0.115543545606306 -0.131314849142436 0.0289319461707599 0.0854824766598675 0.0354168454145687 -0.119095149973582 -0.0900656620101052 -0.0297203278564988 0.0426645324783627 -0.0293350549859432 -0.0904311135146719 -0.0035145605020468 0.130760331718424 0.086977975029189 -0.0263547226502724 -0.108406457112529 -0.0155339520409796 0.0153597133426067 -0.0599337585152743 -0.0995986127488696 0.0273382596336071 0.0076705073651017 -0.099379099175963 0.006846203685286 0.0267716998978234 0.126960726851989 0.0414030351478509 0.0220697265992584 0.0162960384000242 -0.0794075369606577
5 0.0263590971329454 0.0308367800657085 0.0221797433774662 -0.0144102874465007 0.728264538555488 -0.0212031381387379 0.0941555033322703 0.0489470483753458 0.055369813542031 0.00754103311942463 -0.000233744211109482 0.042179597668319 0.0208126376490173 -0.0291606758931985 -0.0421708793131401 0.0425843456964293 -0.0444179002797716 -0.00242445169934364 -0.0415725248104599 -0.0808467357830051 0.122535635835769 0.0190653361073829 -0.119221856420457 0.0951251325433445 -0.137344946196845 0.0830543010561123 -0.0205038980735973 0.0611320933826998 -0.00515078830862266 0.102015226998133 -0.06353377460426 0.0228776417738175 -0.0177357495727757 -0.170438851973225 0.0750440471171132 0.0157553346286908 0.00241570108694572 0.0366703383197019 -0.0109956289834362 -0.132504165282546 0.0318595132159136 -0.0898453902417021 -0.088009743376105 -0.0873694682615847 0.0287869816759455 0.0471191507445419 -0.00790722788349702 -0.0843670668321015 0.0199738767246714 -0.0373961579454655 0.0113885603144948 0.0656522938641518 0.024115665689225 0.00116040026660405 -0.164987952765091 -0.0649276484269779 -0.00713683755246616 -0.155769578988415 -0.00740870191722632 0.0312661195627677 -0.0547245052318761 0.00055316939362481 0.0443394550122836 -0.00541837219806532 -0.0929414815803091 -0.0086954478478323 0.0200147719330616 -0.0231138231911269 0.0150733065076354
6 -0.0342372714853643 -0.0572132455374737 0.018405025312312 0.0795533233834966 -0.021203138138738 0.803896446726406 0.0159974842422089 0.0739534136544984 0.00902514327268913 -0.0564710038485923 0.033461744232946 -0.0200976863080367 0.0628400480635025 -0.0206467310790624 -0.0580002040308585 -0.0256703495867582 -0.02902514271993 -0.0963925242963502 -0.0610979022826299 -0.0831464681283215 0.000363108768285581 0.0332121131896913 -0.0952913480744955 0.0566080965888409 0.133233441019472 -0.0622991511235146 0.0732326855463789 -0.0132011690619344 0.0260428728557719 0.158134525679332 -0.0308042830349658 -0.0801859586731708 -0.0427367387569181 -0.081369974002786 -0.0157280711128861 0.0203392033011199 0.0397444407857429 0.0764558501335814 -0.0107530610957149 0.042539051560928 0.0695192517120231 -0.0484684050635 -0.00526027413082203 0.0619008891420364 -0.0835114618243462 0.0855311557686471 -0.121774917339796 -0.0530963694104293 -0.111955890295345 -0.0802063231477833 -0.0662676698170714 -0.0450063669354132 -0.00840573381196048 -0.0565283499671954 0.0244329616782039 -0.0983885873507503 0.0817791861639816 -0.0033977526858851 -0.0127660201948016 -0.00577942461748718 0.0108140415815296 0.0705028714093307 -0.00269618058626631 0.00952343884476066 -0.0736305820098644 -0.0289506763569438 -0.0858130552187823 0.145250402894516 -0.0879806055786599
7 -0.0215003664756615 -0.0405442197042026 0.117520108203399 0.111750844407732 0.0941555033322703 0.015997484242209 0.950071352390964 0.0571066522434644 -0.0558558159008542 0.0405002998812946 0.0405761023773953 -0.0300407498862048 0.18377389060334 0.00521455489535329 -0.0271506924288838 0.0448464222816318 -0.041214390321799 -0.0810032302870467 -0.052379534425598 -0.0401274026401972 0.169088745786992 0.00395064502744308 -0.135425887130286 0.137203333979185 -0.070731211827133 -0.0589387698933835 0.04421178725078 0.062023021803781 0.0853716869107365 -0.0285811100358696 0.123355442643844 0.065091252558377 0.000307523553900483 -0.0490463061721254 -0.160956291111733 -0.108487426611495 -0.0883621569357695 0.0451528500573039 0.00101800896836561 -0.0613482267921536 0.00561687317589935 0.0353634974957648 -0.00929549471883374 0.0283426885076123 -0.102689642639493 0.0178436112817611 0.0480420868223847 0.0549203587228751 0.00427888463601186 -0.0702115143059376 0.0750644298815452 -0.00296852133149948 -0.0276530499682331 0.0939858561381947 0.00223350078771576 0.00543235184004816 0.0154403734565522 -0.168787579459069 0.0253856401604361 -0.171447789776636 0.02444796515984 -0.0427066187815578 0.157737309875028 0.0953610264361024 -0.0427824886471274 -0.105859290282283 -0.168300010452064 0.0938268911494404 -0.0654558546215835
8 -0.106289525990664 0.0165793850667061 0.0897991077133461 -0.0373275373721583 0.0489470483753458 0.0739534136544984 0.0571066522434644 1.0470347466339 -0.0227777049146805 -0.114025083717996 0.295154694606458 0.0941778521342291 0.334929200581126 0.0242757730175772 0.236893264631123 0.260778687169018 -0.0418191121156391 -0.0928105927524437 -0.124155129401031 -0.0200977873539194 0.0895135480256173 0.0163552524917286 -0.158697578195001 0.270975070100629 0.0141244745456262 0.162890841936965 0.0319750163327733 0.041687627057671 -0.0504875766255263 -0.00449858716091328 0.0566899664818146 0.0405154079374903 0.0292020941566174 -0.0131851555257752 0.115933744118025 0.000580516659189216 0.0462568900412881 -0.015081293161215 -0.00718383817289666 0.0525861020394342 0.188775002180106 -0.0191066117382527 -0.0490205357456858 -0.303831592306802 -0.0610108920378397 0.0826830680805214 -0.0669392882251818 0.0639403093645453 0.0631180043955653 0.17351806563252 -0.131355442234285 -0.00158071465828504 -0.124181416298804 0.00408275383058829 -0.139674133174642 -0.0130163556712995 -0.0371007285781334 -0.208344796944386 -0.289157600955527 -0.108866392851537 -0.0631404715901085 0.0926668995602333 0.0696762856339904 -0.0236909519035794 0.0436417140311663 -0.062828527707603 0.14579690401496 0.0823976813599563 0.0551640356442087
9 -0.107807244383822 -0.0558194720638172 -0.0396605413169811 0.05874683118275 0.055369813542031 0.00902514327268912 -0.0558558159008542 -0.0227777049146805 1.25777909882021 -0.201412496434351 -0.0497356361256237 -0.0316630969364688 -0.0735608461253369 -0.00454531845225257 0.0481286426406071 -0.125343179209755 0.0106055574756618 0.0682430581075047 0.0665718930807296 0.0505240952760877 0.184708784890352 0.0135065012773772 0.0964556569971415 -0.0194642712309912 0.148385442966179 0.173765581652768 -0.0137668920038878 0.0216410009567903 -0.00315703778387544 -0.00733730798177071 0.094118405990548 -0.053499836062778 -0.0382008874681777 -0.0838081933071671 0.0392146344687541 -0.000923956019341256 0.0413326422716381 0.117714034069252 -0.0925730562299764 -0.149235101528169 -0.109789710717127 -0.0354007921838226 0.0458207776054016 0.015953650745221 0.0288439009785909 -0.0202214489976431 -0.0924596504102016 -0.00803518484000027 -0.0233859543933752 0.0235937721101206 -0.0382070522074465 0.0612683702396944 -0.0389461456638363 -0.105851175505062 0.0898872445200895 -0.0480255773234018 -0.128929198090075 0.0474527608788945 0.0463096413136984 0.0516280025202059 -0.0754648960354928 -0.0812545019039924 -0.0413988895038041 -0.0864430201082566 -0.0998570939340327 0.0242131983826035 -0.0696485990280283 -0.143603995089951 -0.0429926304765611
10 -0.0509045583808936 0.0268563117433781 -0.00312744721991196 0.0488460189918579 0.00754103311942461 -0.0564710038485923 0.0405002998812946 -0.114025083717996 -0.201412496434351 0.881374288659599 -0.00120760354554172 0.0634403112530785 0.0189288594144185 0.0317078669774557 -0.164893487050924 -0.0184391528071356 0.0820234239362873 -0.0866305754597703 -0.0101528992476247 -0.0434962144264284 -0.0702775362393554 0.0616033270542691 0.0723742750049657 -0.120283666581533 -0.00678796821572458 -0.11470705798917 -0.0356583506040504 0.0325195939483252 0.0232172099895972 -0.0720979103706723 -0.19898279668631 -0.0340126399437292 -0.00448688318892062 0.07300797070543 -0.135250851364248 0.0618266675052243 -0.0708229135038539 -0.11038754451775 0.136272663560251 -0.0625084374788198 0.0582197192579438 0.037703935558352 0.0179424773785113 0.0967565744856358 -0.137169100043097 0.0288966081092106 0.0640836150065539 0.0466392813302717 -0.0910077112883389 -0.0787190194569967 0.0774579689596796 -0.0293427016767165 -0.0357126593244861 0.0335813573393996 -0.00758218974741695 0.0879044946096872 0.0994739879220925 -0.0209606594475503 0.0621281956812083 -0.00109175261120232 0.141301978778435 -0.0233452706841752 0.0833943820121179 0.0198367882692551 -0.143422709444875 -0.0529243225785528 -0.0654943561046695 -0.0662113319298216 0.0202157683203603
11 0.0514039970415879 -0.0166152168003988 -0.0234454318073425 -0.0993344970684969 -0.000233744211109493 0.033461744232946 0.0405761023773953 0.295154694606458 -0.0497356361256237 -0.00120760354554172 0.565642234661902 -0.0248800342273754 0.0891837980322779 0.0692332402731188 0.123349381581756 0.150781494445351 -0.0760919218563696 -0.0589393565169772 -0.0387676867809326 -0.0306274215698039 -0.0125357432994062 0.0753009037731294 -0.0491479345543595 0.00208151503359673 0.0530456014702272 0.18436610305404 0.141715644107076 -0.0438584678383623 -0.038219123007573 -0.0971122892161043 -0.0994513197413435 0.0254331828085035 -0.00568558464131273 0.021226086451459 0.0146057985418728 -0.111040399574417 0.060901948756402 -0.0979461804800254 -0.102525805703099 -0.0634523339889115 0.0491244134123593 0.0112055118639725 -0.015133832879426 -0.042865697133282 -0.0648860456120399 0.0262332078712082 -0.0299804098315347 0.0424292365523701 0.0495301035780266 0.0664113022973457 -0.0484015114476402 -0.0906638168936306 -0.070046339091847 0.0410473356992489 0.0142175435732857 0.0402549394043406 0.0314164257668095 0.00236542485522863 -0.137065941929594 0.00890131334337234 -0.0445422913437441 -0.080709470776146 0.0139676738133848 -0.028440247555116 -0.0519574726152668 -0.1903438888059 -0.00148846756910984 -0.0175697329892706 0.0140957932255989
12 -0.21188480591071 0.0512805001784349 -0.0665730370001234 -0.0621976933823899 0.042179597668319 -0.0200976863080367 -0.0300407498862048 0.0941778521342291 -0.0316630969364688 0.0634403112530785 -0.0248800342273754 0.358100606189879 0.0494905715770252 0.0428537893305891 -0.0372065723774797 0.0114047314756826 0.0417924602415206 0.153794325116041 -0.0557859395124451 -0.0333889792581792 -0.0409520929370222 0.0337814535155118 -0.0446773788551313 0.0799380174114548 0.018752460517662 -0.0851304557436002 -0.024726998409061 -0.0387533960174184 -0.0043197593130917 -0.21821433390804 0.00417730455473271 -0.0125278956986205 -0.121071869910881 0.00952720042817529 -0.0194637217156779 -0.0207766436403389 -0.0057077015436311 -0.0705181704864517 0.00230402960115663 -0.0101405440863445 0.126397694604834 0.0658902396398563 -0.0469450466863264 -0.147235265237451 0.134346666768104 0.0902028130972712 -0.0830186717977521 -0.0311012626447502 -0.0384322969090935 0.0511293455670801 -0.0622807897407714 0.0860933142872042 0.00802296528686533 -0.0179266249094104 -0.100460708401287 0.0181384729645897 0.0637997379540304 -0.0299004922188956 0.0310827026978131 -0.0527212914245729 -0.00465523241830729 0.129864363234906 -0.00955057271832029 0.00603588724848351 0.0548849680144031 0.0732553953475667 -0.00798311604752397 0.0669450086964969 0.0426614670252279
13 -0.064176416806787 0.00973102748645945 0.154205783727688 -0.0230327626835033 0.0208126376490173 0.0628400480635025 0.18377389060334 0.334929200581126 -0.0735608461253369 0.0189288594144185 0.0891837980322779 0.0494905715770252 0.782687702245538 -0.0333202829174725 0.100623105477308 0.124909628880077 0.0824242113560297 -0.0350327341325102 -0.144453745462242 0.0227293794997494 0.0840926909992178 0.0309366720969276 -0.236075251629974 0.205014644483366 -0.0967873922566603 0.101600853826956 0.139003359958002 -0.0220086710095498 0.01237877770101 0.0129853677528004 -0.127050740364889 0.092671008050402 -0.0249721395216378 -0.0934572322095264 -0.0370888102155363 -0.156101474946447 -0.046520892099897 -0.0809517300300059 0.0391954125920289 -0.0537060802837295 0.150007237106015 -0.00752381530571675 -0.0511540782374644 -0.128877086573157 -0.0684841080183702 0.0966332246242848 -0.0266112004986473 -0.0454891797522367 -0.0254863586919861 -0.0516381202326647 -0.0589193915676488 0.00639688048485979 -0.0421080240540389 0.0261246062892825 -0.0612207537449095 0.15587762453471 0.0528546608107275 -0.148133517499392 -0.100248618450032 -0.0321844281218179 -0.0128531421226918 0.0415378035633818 0.0834540113822124 0.127954584929643 0.0724824619170265 -0.0364297737586618 0.0593682566034294 0.126734326986339 -0.0718196346349595
14 0.141995987505804 0.0113886568582818 -0.0709805550016857 -0.0487286416990453 -0.0291606758931984 -0.0206467310790624 0.0052145548953533 0.0242757730175772 -0.00454531845225254 0.0317078669774558 0.0692332402731188 0.0428537893305891 -0.0333202829174725 0.750394797117274 0.0670398077063651 0.0121343176190001 0.118205378791003 -0.119128621066683 0.178409720677179 0.0484644270307059 -0.0866694897327695 -0.0653088643859921 0.086692694495859 -0.149957880525399 -0.00487381352798058 -0.131816575147388 0.0815733132151856 0.157416119178223 0.107175217994894 -0.0922047154101378 -0.0549063274252774 -0.0552927923202125 -0.0236021260378339 0.121503975724051 -0.049463285601001 -0.0368751336981718 -0.00543153609186204 -0.125304163635594 -0.0550985732325585 -0.0639990663674274 -0.0102140986274633 0.0562891472154868 -0.0683114757503972 0.0312741062534812 -0.113444048261918 -0.01111907522475 -0.018054228262767 0.0782468123060491 0.00865424926557405 -0.0115550295555092 -0.105207011353397 -0.153667250722336 -0.0494086084784357 -0.0106827399028249 0.0370199265756971 0.0372727971917321 -0.048993766314734 0.0338343508861967 -0.0334916462418239 -0.0339310696416063 -0.127585985181172 0.00203135047081347 0.00767519096486668 0.00763657419898105 -0.117083796783344 0.0805115136875228 -0.103486241619765 -0.0234512815319033 0.00302250191957969
15 0.0422947969211689 -0.0480744069043618 0.128764556891532 -0.0963189070947673 -0.0421708793131401 -0.0580002040308585 -0.0271506924288838 0.236893264631123 0.0481286426406071 -0.164893487050924 0.123349381581756 -0.0372065723774797 0.100623105477308 0.0670398077063651 0.877521412667556 0.0792812527527058 -0.0214913167812484 -0.0311286471034489 -0.113415454321275 0.0265051939611597 0.129053289219879 0.0970858763311499 0.0631727514565767 0.00069470066834868 0.0510059034936476 0.0125572947659274 -0.063799751690515 0.0220181496370268 -0.0190593376212524 -0.217145703261203 0.07103145693701 -0.00881140312187626 0.102169386352536 -0.108965337038386 -0.0179200015004489 -0.178440467401811 -0.0068377295231342 -0.0506468270882532 -0.0512691955156125 0.0417180004416212 0.0268658532974272 -0.023344800743134 0.00137477309198995 -0.0329230510095217 -0.0433574099233853 0.0102653826654092 -0.0157808605791921 0.0814649976549058 0.112131256311036 0.0514287908910628 -0.0368308707422858 -0.1471472183584 -0.0360679079206113 -0.0533087772606852 -0.0376288115255802 0.101783745615851 0.0458926165912724 -0.0934606367763525 -0.0985129398938758 -0.06368050503392 -0.0730346591681972 -0.00163226695384746 0.0164169768560252 0.0679968516323147 0.0683319699067948 0.0360456983186397 0.0823092213384807 -0.0001192668001223 0.0428372571857037
16 -0.0955397597480666 -0.0560400056678825 0.0282430530537253 -0.0369805400396492 0.0425843456964293 -0.0256703495867582 0.0448464222816318 0.260778687169018 -0.125343179209755 -0.0184391528071356 0.150781494445351 0.0114047314756826 0.124909628880077 0.0121343176190001 0.0792812527527058 0.47234071467309 0.0180504367331462 -0.120218408176914 -0.0363036886552449 -0.0470785667377186 0.109798866285006 -0.00162696955031233 -0.0821491423998564 0.0661940208456615 -0.0141102643795623 0.0334176801068028 0.0247379820164277 0.0483205560180159 -0.0676106267283974 -0.0953264554155988 0.0820458897088677 -0.0275178956781094 0.0202522728702864 -0.0377726770239174 0.0427299578428205 -0.0670795143109605 -0.094202958061458 -0.0217367902228966 -0.0144283193832106 0.0457070323746121 0.0893644760087866 -0.0386374532315464 -0.022364193898115 -0.120655317353626 -0.0547021960162459 0.044579935773893 -0.106929799877427 0.0792139877112439 0.0635063786974007 0.121848325131953 0.0176313824084125 -0.0797859933636682 -0.125862531306907 0.0148171212879865 -0.0849491147642147 -0.0237450259285437 -0.0201394106346233 -0.0513099312740454 -0.0468233487460037 -0.0532229699461398 -0.0609878991268542 -0.00241177405287896 -0.0502865991236227 0.0126383445462872 0.0341252135591051 -0.0821376251762573 0.0901440284925433 0.0791653179834167 0.0562209419458409
17 0.0138328355989522 0.0103403090899075 0.0275099512047446 0.033684193295415 -0.0444179002797716 -0.02902514271993 -0.041214390321799 -0.041819112115639 0.0106055574756618 0.0820234239362873 -0.0760919218563696 0.0417924602415206 0.0824242113560297 0.118205378791003 -0.0214913167812484 0.0180504367331462 0.746150811209042 -0.0663986200715989 -0.0514750818754072 0.0992746547183352 -0.0814039417356378 -0.032865571744718 0.141061072960654 -0.02117761390638 0.0731434293391791 -0.0644939263280245 -0.0397612937120223 0.00160500033827198 -0.12498532653763 -0.0559401771378426 -0.0131832671705839 0.0306658663800539 0.11237035739283 0.0471146173170204 -0.0608699909852463 -0.201675564436133 -0.00478539277577077 -0.0449920121790224 0.117952314099503 -0.0656254267021046 0.0658349171918122 0.0790038994432928 0.0360300882476288 -0.0924731480969244 0.0514160731743965 0.0487903008226098 0.0451161854202238 0.0803111177173769 -0.0433561128018629 0.00287347095318225 0.0472044045056037 -0.0689914001442845 -0.0885221689821852 -0.0186813306215624 0.0780829931796033 0.0316801676726041 0.0329997484443438 0.0650738991177742 -0.066901704810772 -0.0453089247026183 -0.152280452956064 0.00788847935108787 0.0274913891746388 -0.0249522164397616 -0.10228397429226 0.0867370943348517 -0.127883658591472 0.0261700752644604 -0.227762460027974
18 -0.198313162241994 0.0671105491369499 -0.0647247936934691 0.0223211777093516 -0.00242445169934364 -0.0963925242963501 -0.0810032302870467 -0.0928105927524438 0.0682430581075047 -0.0866305754597703 -0.0589393565169772 0.153794325116041 -0.0350327341325102 -0.119128621066683 -0.0311286471034489 -0.120218408176914 -0.0663986200715989 0.751689227970709 0.0125633829420574 -0.0147367044289682 0.115605044559293 -0.0564304015040685 0.0443180023754356 -0.0723668905014205 0.00437657336718329 -0.0804225307252596 -0.0517377240736215 -0.0543056829828049 -0.10370689814823 -0.0221951507427928 -0.110635033407744 -0.0375223951346141 -0.115516690000674 0.0559039745768316 0.0242490353360108 -0.0564133545279843 -0.0212845408862474 0.0207300236387678 0.0207368718874158 -0.021872627847371 -0.080903146964382 0.0818972456500511 0.00499499853152222 -0.0328502000614977 0.174643888093777 -0.0717395094500049 0.00785771883692259 -0.0892617335847291 -0.0259496451553869 0.0344649435136478 -0.0947557229297036 0.157698822878028 0.167227103225556 -0.13341441630534 -0.185597230083107 0.0855243963164147 -0.00258730172375123 0.0284950318328837 0.113886669961084 0.02192544045644 -0.0130961111169481 0.083007388161362 -0.0749791617494538 -0.00675257717003553 0.113796025944916 0.0695174105496829 -0.0218832156388804 -0.098538454354542 -0.0590608246167954
19 0.117650489822371 0.06440047477016 0.0129518295347797 0.00960182897890685 -0.0415725248104599 -0.0610979022826299 -0.052379534425598 -0.124155129401031 0.0665718930807296 -0.0101528992476247 -0.0387676867809325 -0.0557859395124451 -0.144453745462242 0.178409720677179 -0.113415454321275 -0.0363036886552449 -0.0514750818754072 0.0125633829420574 1.16889882496145 0.036011204358997 -0.171189359529146 -0.202008568052966 0.251451309121541 -0.160541066439277 -0.0751726864146075 0.0236098445531903 0.0949737677845662 -0.0367059737256034 0.0285475477326949 0.00289534839502058 -0.0688799423321863 -0.0739244688841527 -0.00449203001382403 0.0613061277638486 -0.0221122747143908 0.126534156413542 0.144687388248504 -0.162072895259214 -0.00229271461345548 0.0356581498929817 -0.14258743570458 0.0255935017957902 -0.0170487902620427 0.0964087497742327 -0.0435973981343412 -0.145859120831418 0.0987431242710812 -0.000921695712967533 -0.0759052875063053 0.104780032032621 -0.100416687838662 -0.0597046583145054 -0.0992589007669073 0.045285448749949 0.059610095822805 -0.10175205131173 -0.061380085269717 0.0309121635933594 0.0164765389674254 -0.0107348391260339 -0.0167857512465551 -0.130652230718029 -0.016539773248762 -0.0661299530530845 0.0562152640478697 0.0266267099921871 -0.00200409889349844 -0.192901501067569 0.0238230261441045
20 0.113078589327489 -0.1085839972426 -0.0301530570506612 0.0992724467372968 -0.0808467357830051 -0.0831464681283215 -0.0401274026401973 -0.0200977873539194 0.0505240952760877 -0.0434962144264284 -0.0306274215698039 -0.0333889792581792 0.0227293794997494 0.0484644270307059 0.0265051939611597 -0.0470785667377186 0.0992746547183352 -0.0147367044289682 0.036011204358997 0.90680145880891 -0.0279387927173622 -0.117727992975962 -0.0196250260086985 0.0542972210980676 0.0825889904693222 -0.0147915859204499 -0.0800158070581382 -0.0336186289846532 -0.0538201942155783 -0.121415803611787 -0.0607022904592948 0.0882641281335072 0.00708155378162644 -0.0267014466119431 -0.0631773650394299 -0.0430977351145672 -0.119831310970438 -0.0914737457284775 -0.000127371866991228 -0.0848563151104089 -0.00710673364348317 0.0699006109676188 0.0916712601359524 0.070976324319754 -0.0353804469586699 -0.00320327133468048 0.0267529528862849 0.0307992736307472 -0.0672697040031708 0.00077816860519431 0.133155241598057 0.0652955839768293 0.0906039814113605 -0.0347224954120227 0.0675676969169945 0.0277621455060031 -0.0301100795992286 0.101494442863169 0.021060496699878 0.051906426016843 -0.149864565177126 -0.043370910160173 -0.0115866151202393 -0.0848011527547408 0.000504085979263611 -0.00469395432047292 0.0593254581061369 0.00560188273219642 -0.102597435692566
21 -0.0924912636080166 0.0439940796506827 0.0918116015122874 0.0370736566755415 0.122535635835769 0.000363108768285589 0.169088745786992 0.0895135480256173 0.184708784890352 -0.0702775362393554 -0.0125357432994062 -0.0409520929370222 0.0840926909992178 -0.0866694897327695 0.129053289219879 0.109798866285006 -0.0814039417356378 0.115605044559293 -0.171189359529146 -0.0279387927173622 1.16178007126055 -0.0224121345415503 -0.0303749368704553 -1.10191230007444e-05 0.132817293966722 -0.130967972659729 -0.0732644270865556 -0.0100453998995151 -0.112848178335115 -0.0575548815561777 -0.166191496230809 -0.115369016818885 0.00812902952525438 0.0437732853237347 0.00591633241862874 -0.11549712355034 -0.0631796631585937 0.148163389230848 -0.0385363985839257 0.0424445888728635 -0.0169434653154656 -0.0241452868348487 -0.0246103440970592 -0.0576514690838762 0.0194543231809782 0.0185652865210086 0.055228966583164 -0.058206439231286 -0.0517492904590859 0.100179498526069 -0.00753323084076067 0.0798483778661004 0.189291521044451 -0.123169964105382 -0.0605551248784528 -0.060166878014496 0.137916537736845 -0.0519545192728108 -0.022153676399365 -0.177854458240017 -0.0760839289554389 0.0304578938274846 -0.018968930646855 -0.0525958887422067 0.0745617314572698 -0.0842792842826065 0.177630557928551 -0.129756125871389 -0.0238922370106771
22 -0.0909840512474911 0.0051914454492807 -0.164948400510023 -0.0462031457480269 0.0190653361073829 0.0332121131896913 0.00395064502744307 0.0163552524917286 0.0135065012773772 0.0616033270542691 0.0753009037731294 0.0337814535155119 0.0309366720969276 -0.0653088643859921 0.0970858763311499 -0.00162696955031232 -0.032865571744718 -0.0564304015040685 -0.202008568052966 -0.117727992975962 -0.0224121345415502 0.945153357624291 -0.0579709720695201 -0.103933189446326 0.0567650734574832 0.0736053048159688 -0.0456342966974571 -0.0498770111989378 0.047927810263787 0.0425786009168573 -0.00394418228150358 0.00245886871832713 0.0408651929969442 -0.0506807771513329 -0.0481029465830359 0.0330251632245429 0.0537664988616428 0.039844428850179 0.0948378026195245 -0.199846938599771 -0.0310010539212248 0.020226600760636 0.0346957042399132 -0.0483290581974759 -0.0974625266773606 0.0490120038777586 -0.00529223272212863 -0.00581062995940649 -0.0109785341396365 0.0328185762283753 0.130166618844368 -0.199735838304518 0.0578496274886914 0.0676919482973534 -0.0509042512725494 0.0300814521265905 0.0235913883451982 -0.0477685217322181 -0.0160655506526437 0.045967497662407 0.0247750300317615 -0.0236562278669473 -0.00923719585675149 -0.0917172196677537 -0.0585063100421146 0.10407524534523 -0.0850550002897442 0.130656018357171 0.0435120109125059
23 0.0792145253421992 -0.0248186485098772 0.0670433406905231 0.153842212717676 -0.119221856420457 -0.0952913480744955 -0.135425887130286 -0.158697578195001 0.0964556569971414 0.0723742750049657 -0.0491479345543595 -0.0446773788551313 -0.236075251629974 0.086692694495859 0.0631727514565767 -0.0821491423998564 0.141061072960654 0.0443180023754356 0.251451309121541 -0.0196250260086985 -0.0303749368704553 -0.05797097206952 1.20608138721811 -0.242507691964903 -0.0447632491511599 -0.156301043250258 -0.0972963780654073 -0.0517593209285977 -0.101518311282669 0.0501846417239083 -0.0131680898794074 -0.118371481980159 -0.0426510014106042 0.206480350030476 -0.0626705395527802 -0.00984462608674746 0.0253761967479241 -0.149266899543021 0.0556992431120545 0.0885017704377367 -0.171609686818724 0.0887207997979955 0.0221745800682142 0.0706195095658216 0.0706302673955429 -0.0704470538529127 -0.0524267876008564 -0.022194302965996 -0.0114389028870002 -0.00642765056319898 0.0427461195308071 -0.0675580993332665 -0.0335209364098032 -0.00707237840457593 0.100937321464731 -0.0434441042697426 0.0324798746318064 0.146621905423214 -0.00550996537084403 -0.0125011235779235 -0.0568514333067809 -0.0967628905903879 -0.0300004415114096 -0.125312483060926 0.0536671232838245 -0.0791481780275848 -0.155120157481784 -0.0772949814818206 -0.0682262227251198
24 0.0272134593685158 0.0531720615172333 0.12625023700376 0.0333913680450579 0.0951251325433445 0.0566080965888409 0.137203333979185 0.270975070100629 -0.0194642712309912 -0.120283666581533 0.00208151503359672 0.0799380174114548 0.205014644483366 -0.149957880525399 0.000694700668348672 0.0661940208456615 -0.02117761390638 -0.0723668905014205 -0.160541066439277 0.0542972210980676 -1.10191230007233e-05 -0.103933189446326 -0.242507691964903 0.667646186302076 -0.0606354307580704 0.0266940551180721 0.0401173989106563 0.00134878463999613 0.112943928873244 0.000232306365608782 0.168505166708664 0.0511479224973129 0.0245754798093697 -0.144385135636437 0.0035378470148162 -0.157365022906987 -0.0719801091228183 0.0365067798264026 -0.0732436170018794 0.0124809571642701 0.217694965011913 -0.0956253911897606 -0.114057624062681 -0.1119264919199 0.0105975832610833 0.155268942248453 -0.122534008525123 0.0460357713912636 0.0347431477276242 0.0686532858987479 -0.0552399957715551 0.170004231395184 -0.0370909334594216 0.0397042215320888 0.00651305306053462 -0.108908813842402 0.0502674360346008 -0.137944656658356 -0.10074058282227 -0.0797006939062919 0.0448847516495993 0.11854894232129 0.076383744399014 0.115989513632805 0.0141632425630884 -0.0653237481860519 -0.00800157798477329 0.120525789718462 -0.0187973271922412
25 -0.0901655558746885 -0.00519788946482229 -0.220994927376522 0.213702971085764 -0.137344946196845 0.133233441019472 -0.070731211827133 0.0141244745456261 0.148385442966179 -0.00678796821572457 0.0530456014702272 0.018752460517662 -0.0967873922566603 -0.00487381352798058 0.0510059034936476 -0.0141102643795623 0.0731434293391792 0.00437657336718329 -0.0751726864146075 0.0825889904693223 0.132817293966722 0.0567650734574832 -0.0447632491511599 -0.0606354307580704 1.38895470078317 -0.170868183612722 -0.191422335680192 -0.0672704091044629 -0.156325552835509 -0.00428974560548025 -0.0344347614893343 -0.0547440613645961 -0.115252824701797 -0.0218438832248788 -0.0404253470228476 -0.0611136044825591 -0.029542129726616 0.12154256876209 -0.194023892008387 0.212485726117033 0.0418257371678416 0.0172139696213364 0.166827906262741 0.0548609244953904 0.0319599672576448 -0.0267340463070724 0.185546471020923 -0.0213331942937766 -0.0839122388294125 0.0358625003748398 -0.0813374528191289 0.0215416160617112 0.116590212905167 -0.110496455136766 0.0825554861653481 0.122178345266384 0.151216448360549 -0.0106676407972746 -0.0323724804861526 -0.130871371118171 -0.100487931130228 0.000866475278291681 -0.0652436232002755 -0.0241591583614363 -0.0579418532125673 -0.022999269871441 0.0160704028761946 -0.077568492733316 -0.10738921534621
26 0.128279467974819 0.00859790323492053 0.0402812681118361 -0.133780430860339 0.0830543010561123 -0.0622991511235146 -0.0589387698933835 0.162890841936965 0.173765581652768 -0.11470705798917 0.18436610305404 -0.0851304557436002 0.101600853826956 -0.131816575147389 0.0125572947659274 0.0334176801068028 -0.0644939263280245 -0.0804225307252596 0.0236098445531903 -0.0147915859204499 -0.130967972659729 0.0736053048159688 -0.156301043250258 0.0266940551180721 -0.170868183612722 0.943221565728546 0.0725253706596095 0.0616292145647721 0.0794242426847354 0.102185412030563 -0.0312776543668117 0.050360923382067 0.124609473050123 -0.129448810296868 0.044585821989597 0.0164017359058817 0.0538707519637654 0.0310329352840168 -0.109685957636047 -0.091110881201766 -0.00602592901276611 -0.0658235673577352 0.0121258164547485 -0.107182471175822 -0.0885651046999393 -0.00664175525112471 0.0154046812559238 -0.0314128523338653 0.112291952358622 0.00596234312799847 -0.0184434625350287 -0.0620480693478871 -0.089822470329559 -0.0877123002194161 -0.0127415210609365 -0.0369472552481817 -0.111529172129939 0.0585723698379157 -0.0686005834778117 0.0499474210923859 0.0304263044849949 -0.141618012888933 -0.0256609122614699 -0.0617838465926225 -0.101970006775925 -0.0664047284579635 0.0344706234506038 0.0101132731353234 0.0244115618986671
27 0.0602560298947647 0.0641887687798953 0.0787882562989326 -0.0538449722837772 -0.0205038980735973 0.0732326855463789 0.04421178725078 0.0319750163327733 -0.0137668920038878 -0.0356583506040504 0.141715644107076 -0.024726998409061 0.139003359958002 0.0815733132151856 -0.063799751690515 0.0247379820164277 -0.0397612937120224 -0.0517377240736215 0.0949737677845662 -0.0800158070581382 -0.0732644270865556 -0.0456342966974571 -0.0972963780654073 0.0401173989106563 -0.191422335680192 0.0725253706596095 1.04620252269692 0.0478732856557335 0.0819718580221967 0.099553531512363 0.111498644205493 0.005867419777519 0.00577254046534615 0.0817522496088266 -0.10843471200324 0.100024976230961 0.0244067311414184 -0.0970529788253761 -0.18216361755949 -0.0377433527597052 0.0382745654462289 0.0262068187286707 0.00495760574773059 -0.0403500377672815 -0.0417926325488004 0.038229827675415 -0.0600233482699362 -0.0156622493745981 -0.0309670684107795 0.00179667766437289 0.00547726006407077 -0.0573088210131408 -0.177954774516966 0.0311437710788993 -0.162592248720799 -0.0603498457577785 -0.0559046458804581 0.0349653275346421 -0.101493152841852 -0.00254133008060329 0.00664447206346969 0.0422165021511482 0.0522312112800543 0.02063694313937 0.0565189699969553 0.0708651221736349 0.00571119267458296 -0.021406687986778 -0.117139222151602
28 0.00926108118322472 -0.00690665630892114 0.0515869970802547 -0.052332291434926 0.0611320933826998 -0.0132011690619344 0.062023021803781 0.0416876270576711 0.0216410009567903 0.0325195939483252 -0.0438584678383623 -0.0387533960174183 -0.0220086710095498 0.157416119178223 0.0220181496370268 0.0483205560180159 0.00160500033827198 -0.0543056829828049 -0.0367059737256034 -0.0336186289846532 -0.0100453998995151 -0.0498770111989378 -0.0517593209285977 0.00134878463999615 -0.0672704091044629 0.0616292145647721 0.0478732856557335 1.05228732453574 0.0732587997631067 0.0475582124448616 0.0801971039310512 -0.0244145701893045 0.0897547117002438 0.178155307515694 -0.0428175090960148 -0.0164107261266085 0.0200965687701857 -0.0168431964866777 -0.0467718330013219 -0.0214707686541037 -0.0304762185256855 -0.00431122365564161 -0.0954442507087236 -0.0297943236627428 -0.0727453498311717 -0.00895299627959861 -0.104643085732337 0.122370017775939 -0.0172878149581206 0.0246570158767161 0.0455038714299161 -0.098749446220205 -0.209358242831955 -0.0343217626989139 0.142781539002558 -0.0476736379695951 -0.10674281598233 -0.0899023194032976 -0.0739381233869339 0.000404934151042131 -0.036038046864983 -0.0733585474213136 0.0934614508966939 -0.0400523863334201 -0.116395233400406 -0.048371069656071 -0.0340439847956948 0.0424031427689469 0.0334078119068178
29 0.170820075027169 0.12864865387448 0.0512788483089813 0.00974133746887283 -0.00515078830862266 0.0260428728557719 0.0853716869107365 -0.0504875766255262 -0.00315703778387543 0.0232172099895972 -0.038219123007573 -0.0043197593130917 0.01237877770101 0.107175217994894 -0.0190593376212523 -0.0676106267283974 -0.12498532653763 -0.10370689814823 0.0285475477326949 -0.0538201942155783 -0.112848178335115 0.047927810263787 -0.101518311282669 0.112943928873244 -0.156325552835509 0.0794242426847354 0.0819718580221967 0.0732587997631067 0.722631980771119 0.0904176081895537 0.16545225037581 0.024462003670727 0.000364535468462189 -0.0724073964480214 -0.058374279146068 -0.00276171790660952 -0.0267081190009789 -0.0716576232351466 0.0182413277995702 -0.155144053019557 0.0591823814605618 -0.0376823421430078 -0.110738351362882 0.0762334259226829 -0.0581565973918378 0.0462678022198679 0.00891096063991813 -0.00973834225621056 0.106206329582665 -0.038362473003536 0.0339396831720278 -0.0750513376606242 -0.11125106569282 0.0337873549237429 0.0722154021787873 -0.0814224678352263 -0.018713260697671 -0.0941285872441039 0.0287687045875841 0.00439764725205509 0.0420592758214675 0.133627173519893 0.105242539500785 -0.0168878752366185 -0.0260675621705354 0.00183057934163687 -0.153209173314116 0.0705143449654093 -0.0651391699363857
