1 1.02018368803214 0.0277580205750658 0.105208564858971 -0.00959396362942168 0.00251051296161902 -0.0392737522649709 -0.0226268720934708 -0.120387907256737 -0.0954455480920151 -0.0228236737104104 0.0547649854932246 -0.219157998622231 -0.0879804335623078 0.153338095202876 0.019565662548264 -0.0402772801962278 0.0312093861060386 -0.256032243053042 0.0959583922010501 0.0928550989416672 -0.110777133791219 -0.0941427536857569 0.0797193025944884 0.0146113934112697 -0.0938331701631382 0.145943812839196 0.0751021938476742 -0.00822777806782085 0.193747152311301 0.092212985823037 -0.0343510767914084 -0.0219327745920784 0.172729255926041 0.0313463062037261 -0.0122395455459938 -0.0821851574356722 -0.00585863400961418 -0.0451901722452146 0.00872455477865206 -0.240134355570215 0.0173990639714709 -0.105986483170536 -0.0985770074298334 0.106013570180478 -0.174605846764163 -0.00221019668575955 -0.000584548828554568 0.0941956795761244 0.0200561050305039 -0.0907808323343309 -0.0853593358331325 -0.0807346792691084 -0.111532065640342 0.00407958959207729 0.00252436453225353 0.0121622851263135 0.0368060136369386 0.0539156260090386 -0.145254639945181 0.0744830028621818 -0.082423848230766 -0.117069616832117 0.141226405053575 0.0240831701016409 -0.194599928124447 -0.214524301174464 0.056003670974434 -0.00540656733606262 -0.0144277251762497
2 0.0277580205750658 0.538121441011826 -0.0638846384406554 -0.0757301617358689 0.0175026395615661 -0.0453875830981137 -0.0699918931967441 0.0205651834439615 -0.0553477023729953 0.0334217434101412 -0.0375604461110996 0.0410101537490676 0.0243863873055782 0.00161713603520067 0.0168571785504765 -0.0408262919165685 0.0363582038285176 0.0506108639099464 0.0270638159574849 -0.119294005367656 0.061728921088335 -0.0140849011420542 -0.0505804540372104 0.0344062420255146 0.0114774971084653 0.0457058188021641 0.0901911487728394 -0.0212488322371788 0.116465656762773 0.0518732538663563 -0.0429146110982139 -0.0345677437540023 -0.0194096402275981 -0.00544204366776758 -0.0709842786125777 -0.143383274964306 0.0181260222511028 -0.0468153162921589 -0.0813760231535929 -0.00646373967439667 0.0172634356123566 0.0266698185356286 -0.016459779082331 0.0167641120508522 0.0702240914957347 0.0866343508414992 0.0139508225032227 -0.0787702866581777 -0.116704798254729 0.0330743216306167 -0.0625388780211439 -0.044959671145648 -0.00710546776184428 0.0439876602790857 -0.0255466600176724 0.0179933332029148 0.119080983107021 0.0746553725874352 -0.00287011159590894 -0.131145452339639 0.0839987852323701 0.153607624218648 0.132793963969849 0.0287287069877179 0.00744395628550673 0.0394633541109514 -0.0459524968310304 -0.0457210540765999 0.00707864894597226
3 0.105208564858971 -0.0638846384406554 0.820612117540669 0.0600606372098351 0.0713359839284256 0.0671232724170349 0.107192440508634 0.0463209501163274 -0.0690234242252716 -0.0325810997899341 0.0228829925439947 -0.0570020883656392 0.165523327778792 -0.0971287730682591 0.0854278539183541 0.0905008937109857 -0.041254635758269 -0.0661848543062504 -0.0263811304868367 -0.0624697165321643 0.140806268468822 -0.145836521087406 0.0738915184104762 0.124457495188698 -0.255077937713325 0.032073231928797 0.0594406311076829 0.0434452087101719 0.0552172130186704 -0.00499963022583599 0.0626226963161989 0.0698486683412249 0.272544514495897 -0.0862865111504842 0.0301072421404844 0.0403344353872734 0.00424649719539554 0.0085164290195818 0.0471098675808755 -0.0458667347436139 0.0610506270054412 -0.124591764007105 -0.0660960387371993 -0.0102289708700539 -0.0975696463800312 0.0387340927311347 -0.0702000557477736 0.0471441312278693 0.0639388587222737 -0.0525162860391684 0.0881583920170042 0.0265872045463792 -0.174124521975281 0.0140074641994519 -0.0478803404561717 -0.0324813415846619 0.0384839071688466 -0.0150530968834577 -0.143614920445355 0.0168748767422043 -0.10720507356334 -0.0619532405678794 0.079367643180488 0.0119551980652125 -0.0958749954538772 -0.110030213630568 0.00151588931843536 0.0906342377377569 -0.199429527403903
4 -0.00959396362942168 -0.0757301617358689 0.0600606372098351 0.980858312084613 0.0241783288478382 0.137677961989148 0.14112354004532 -0.007027339917191 0.0888127298429561 0.0563414873344199 -0.127756527154754 -0.0812961382326201 0.014444740031883 -0.067196405291224 -0.0455414167606859 -0.0852834443753074 -0.00486701141651532 0.0418823471755204 0.0235555536565404 0.0383231035642215 0.0672428662350347 -0.039809952656953 0.081568719360332 0.0215008095525766 0.130693499538939 -0.0525775039773442 -0.00719319403333668 -0.0145673792427421 -0.0119510757095893 0.126532613914707 0.0658437663788482 -0.0322882007244077 -0.155865140526935 0.0205472589615902 -0.102455966924536 0.0014974819103801 0.0228345667460741 0.0250670634419749 -0.0173276216191854 0.0891831715951182 -0.131921679070044 0.0362286147141683 0.102029670833951 0.0452448616307689 -0.15307818888131 -0.113926310007332 -0.0209133215437847 -0.0444135804993386 -0.0469626485503937 -0.10663980615183 -0.0102701594416721 0.152200802680234 0.0907915536057226 -0.0530692540117205 -0.121703181187061 -0.0347150500999177 -0.00137503668289512 -0.0964976602028628 -0.105200159650707 0.00839378972130796 -0.0267804738945547 -0.125035905384468 -0.0119451980984226 -0.0052433118876873 0.15266378819574 0.0524753555561662 0.0296037589083438 -0.0176637879580437 -0.0376732912549672
5 0.00251051296161902 0.0175026395615661 0.0713359839284256 0.0241783288478382 0.800139985220816 0.0128076762517105 0.0766858610729458 0.096705861502069 0.0120575842871932 -0.00728394394712097 0.02195347798778 0.0280087459968031 0.042768136469972 -0.0253169328741445 0.0164071071905101 0.00345571952685051 -0.0443564301345758 0.0120560998065136 -0.0374794818516648 -0.0412845336866684 0.197241691010664 -0.021032462295046 -0.124199617251638 0.116215030868191 -0.0962583944943461 0.0367430388538015 0.0335102793254807 0.0641342988176897 -0.00632237573346215 0.105161518556792 -0.0344629954494205 -0.0204537679466959 0.0164930529385328 -0.20258176605227 0.0494658563834121 -0.053304507913028 -0.00518178913989817 -0.0283672306365451 0.0120645426210663 -0.0811282929566018 0.0308058534737884 -0.0623008724621468 -0.0799733779409893 -0.0338822471284255 0.0353852203591242 0.0253916514985002 0.0220034949914437 -0.101267942066639 0.0684304394722971 -0.0567292611994083 -0.000838560769613538 0.114137214011344 0.0132167187507201 0.0432892966688867 -0.181071749041972 -0.0703166612271826 0.0325499407889302 -0.26517273571251 -0.0294945970997824 0.0307510387537885 -0.117227682737546 -0.00329975588589882 0.0780513104887774 0.0326557504824681 -0.0972131637678883 -0.0453349525694873 0.00269605606305568 -0.0232053021307222 -0.0129048552449452
6 -0.0392737522649709 -0.0453875830981137 0.0671232724170349 0.137677961989148 0.0128076762517105 0.876583567425365 -0.0427931746928535 0.0826988431532906 0.0259461232429707 -0.0950644622083519 0.0623602418477426 -0.0401674591662126 0.0449733757778529 -0.0285167191553061 -0.0945095168424313 -0.0552227088396076 -0.00980317890641592 -0.117777361880135 -0.0770697180402648 -0.0715561217303722 0.0181325384279777 -0.0180040328323793 -0.124060654667821 0.0719751052775751 0.0992763440707132 0.000979371587261483 0.105789212420171 -0.0294194225906627 0.0190700301559249 0.112405423639087 -0.0249780449368748 -0.0434044867400582 -0.0184662144815202 -0.0595484935714943 0.0103449547320655 0.00320831496960584 0.0619125945244909 0.00219163083147147 0.0316674350890998 0.0679163688923559 0.090612725606778 -0.0577093859183289 -0.0500810008946527 0.0395736244603323 -0.103495848698578 0.0703103082578918 -0.118174971826042 -0.0364649189614953 -0.119109160977952 -0.117949034991924 -0.00767697973280583 -0.0437236828561969 -0.00386832983916575 -0.0845227038284009 0.043466429489887 -0.125348733340381 0.10405968781574 -0.0122778765266928 -0.047967104108378 -0.0101710505202632 0.00427029441797219 0.0667789583764077 -0.00713071099539407 -0.0561218003894447 -0.16972779614426 -0.0116379416259131 -0.029414221482403 0.140846847834785 -0.0943489123553121
7 -0.0226268720934708 -0.0699918931967441 0.107192440508634 0.14112354004532 0.0766858610729458 -0.0427931746928535 1.00554757864899 0.118305848904467 -0.0627396489666483 0.0190654191928525 0.0714195552784399 -0.0544639445577087 0.185015039582739 0.0206447941334203 0.00890763650838403 0.0349986690994239 -0.0439180116702359 -0.068045405388946 -0.0504325689624859 -0.0126157503853945 0.154784364109028 -0.00914137916154976 -0.096594420063996 0.126653982920886 -0.0953733875409919 -0.0801379507544421 0.0604038162231348 0.0339215956314456 0.115048435886677 -0.0111949746873669 0.156172781386497 0.0807110153267488 -0.00452860976904899 -0.0915973544452561 -0.129450398720597 -0.104823918255906 -0.0820958201474088 0.0463400927362651 0.0139297104167499 -0.0500829988732832 -0.0105741616952671 0.0333008238361596 0.0183059826027858 -0.00342760310905478 -0.0964664761591471 -0.0176017293340118 0.0371347296126775 0.0304039947298229 0.0333927295497491 -0.0662167916121074 0.077385034192825 -0.0235409249611683 0.00650520875079703 0.0924183543926858 0.00737501296291237 0.0255945893890921 -0.0392216647485422 -0.172409196031627 -0.00269626576066623 -0.128613452349139 -0.00653407913167107 -0.0316884273744953 0.153903643750095 0.0601786990896423 -0.00591253256733447 -0.0752379253522977 -0.12154594610248 0.0602294282236571 -0.0890822383257137
8 -0.120387907256737 0.0205651834439614 0.0463209501163274 -0.007027339917191 0.096705861502069 0.0826988431532906 0.118305848904467 1.04967993275917 -0.0465281792194242 -0.135166035763489 0.342050762093939 0.0902592276212015 0.368204499550722 0.0678723033789402 0.267506627834816 0.248558715795974 -0.0353238533232142 -0.109377752928682 -0.180974087087321 0.00289683305142252 0.0523652423503789 -0.0443603407575545 -0.118978885040429 0.277953398347063 -0.0173723823673761 0.15650103220822 0.0661291821123905 0.0511547052209947 -0.000531126571530871 -0.0359498101620728 0.111084206384344 0.0172467946971373 -0.029519000168293 0.0070479293826536 0.10980863520951 -0.0220245777566751 0.0503611066295989 -0.0319659107981323 -0.038096933922369 0.00877916820094647 0.187543697731811 0.00322370769403602 -0.0502030232846044 -0.259120213365883 -0.0631988474604679 0.0655759855826954 -0.107601869902574 0.0767900660861019 0.124097565250395 0.148574054302587 -0.0948490269194723 0.00037067716483662 -0.208126064055905 0.00340975892372752 -0.13131764571092 0.00980113939752136 -0.0351821692497095 -0.17340820433527 -0.265572611106025 -0.0454361099436736 -0.0615208031713328 0.116938671375888 0.0774749996652364 0.0677226760872719 0.0148596986863927 -0.0505727609889767 0.105400072649274 0.0867365473596807 0.0785168169467077
9 -0.0954455480920152 -0.0553477023729953 -0.0690234242252716 0.0888127298429561 0.0120575842871932 0.0259461232429706 -0.0627396489666483 -0.0465281792194242 1.22127982868999 -0.189621095025785 -0.0953293041366616 -0.0475700344241204 -0.12488132699619 -0.0143281724217551 0.0779438445157861 -0.145095514032768 -0.0026306755652735 0.0725650432904875 0.0571064174280181 0.03283431244874 0.217200151103652 -0.0292949359933742 0.0210541491368804 -0.0402193230907292 0.116981974757107 0.148015235693068 0.0448527157420388 0.0162777177602497 -0.0503289581854739 -0.0119539758384875 0.119726570764993 -0.0634798623500786 -0.0189088662360982 -0.109322030477637 -0.00860498570273577 -0.00914654372975638 0.0658065661119261 0.210043010718035 -0.0906923121352891 -0.125041406114814 -0.0884970326036684 -0.0263303779968706 0.0206175259285018 0.0403929315372152 0.0190280438548806 0.00423620147816352 -0.00972574762319483 -0.036062903092785 -0.06770632190906 0.0519172597472256 -0.0385353618610022 0.12340252819038 -0.0150210880183012 -0.123429637403029 0.00126283646093247 -0.0324608655562564 -0.0794781944223948 -0.0189244888632985 0.0657571093618151 0.0237331211800065 -0.0815642402576227 -0.0713394640704708 -0.0478373427839215 -0.0678996251393347 -0.0794990305484077 0.034473824814243 -0.00297534120639102 -0.0926197945282414 -0.0206956537232377
10 -0.0228236737104104 0.0334217434101412 -0.0325810997899341 0.0563414873344199 -0.00728394394712099 -0.0950644622083519 0.0190654191928525 -0.135166035763489 -0.189621095025785 0.885717767855418 -0.0301488686912314 0.0630912370683939 -0.0184363203767235 0.0502915984260921 -0.0847304487806906 -0.0309796949458865 0.113414209131954 -0.0667988328102924 0.0231257841464505 -0.0399062300026433 -0.0787886865036012 0.0657646650161207 0.0778041139929536 -0.116360006026924 -0.0290891613665118 -0.0794922911909342 -0.0440397743363723 -0.0202753352265172 -4.50752905309929e-06 -0.0816595138944877 -0.159879261448998 -0.0368448699771735 0.0216312417240315 0.0542384236964374 -0.131344362480922 0.0510080183475075 -0.0454688213651607 -0.157367769095598 0.131334621793971 -0.0797127392546238 0.0782023198345865 0.00735856216802441 0.0516525591933493 0.0867850336694403 -0.10522199951925 0.0221240982337436 0.0910305596660035 0.0200941802793193 -0.125987149097759 -0.0732609244689056 0.074968621390975 -0.012954662437504 0.0515162129554546 0.0265803256393374 -0.0133180410126323 0.0877995331104364 0.0913418256817563 -0.0846075682555629 0.040266972972657 -0.00576689390434811 0.152519382181277 -0.0339654637036132 0.0712574738609798 -0.000286040078826947 -0.0618529193534667 -0.0193900599392646 -0.0636202834168845 -0.0683943922215055 0.0213687636530207
11 0.0547649854932246 -0.0375604461110996 0.0228829925439947 -0.127756527154754 0.02195347798778 0.0623602418477426 0.0714195552784399 0.342050762093939 -0.0953293041366616 -0.0301488686912315 0.642230255620551 -0.0133426565322742 0.154192812349821 0.125653554530497 0.132080870374382 0.268575363591651 -0.103721612634796 -0.103662494177912 -0.0865572887857492 0.00785617282920416 -0.00869557194367902 0.048419160815055 -0.0552371833152376 0.0177118922754479 0.0267534934581803 0.163500386040728 0.131781372902727 0.0296948350605888 -0.0363951401617887 -0.130010102025831 -0.0446156380007719 0.0402142622860951 -0.0159072954060216 -0.0142209448846473 0.00891937480649971 -0.110925169006173 0.0712531460041068 -0.133520244863542 -0.0674702353197261 -0.0999714808176652 0.0507835321929465 0.00219660367857153 -0.0370690106439631 -0.060493989377178 -0.0964443139949317 0.0369842338898979 -0.0734851823671861 0.113829631956134 0.139830347752723 0.0360097920038536 0.0288463299657734 -0.093522219384119 -0.121650200729067 0.0262343071321857 0.0661892614367974 0.0401839898796389 0.0430259000738891 0.0375651228255125 -0.157260022316493 0.0520438268600024 -0.0645191512334497 -0.0907371839333445 0.0594132840657786 0.0355334218483271 -0.102808949198139 -0.193440641285722 0.0434100123918674 0.0214872803223101 -0.011537088172421
12 -0.219157998622231 0.0410101537490676 -0.0570020883656391 -0.0812961382326201 0.0280087459968031 -0.0401674591662126 -0.0544639445577087 0.0902592276212015 -0.0475700344241204 0.0630912370683939 -0.0133426565322742 0.407961843357061 0.0622538786797729 0.0289770084992722 -0.0307250991517472 0.0206562246504288 0.0276520091620534 0.203131399206427 -0.0457739032610835 -0.0302172135856567 -0.0369840565384612 0.0504092028914262 -0.0332562476828302 0.111766222381297 0.0528880659268511 -0.107101005171982 -0.0341722196298089 -0.0589542814748178 -0.0516789839944811 -0.188933074971807 -0.0302846034757289 -0.0204999354932917 -0.122303479701779 0.0194030099141507 -0.0284518667384715 -0.0509101284384388 -0.0114841444299973 -0.0550186500292835 0.000648066142318647 0.0136305296251106 0.149326895392621 0.0796043126870768 -0.0304397715428106 -0.14470396031154 0.14979620184277 0.104269817878395 -0.0933412864891753 -0.0464949653621101 -0.0395544744549117 0.0734496453080276 -0.0501015713691109 0.096648756663258 0.0389170355027068 -0.0556242520652837 -0.121926640502091 0.00188671391652718 0.0715134390714859 -0.0148290176160722 0.0310413963480325 -0.0932840797060193 -0.0190856504452383 0.136587111062799 -0.0448695277389872 -0.024135588212233 0.0766009107294882 0.0722497892131914 -0.0144179322961244 0.0672011911796574 0.0122996365905654
13 -0.0879804335623078 0.0243863873055782 0.165523327778792 0.014444740031883 0.042768136469972 0.0449733757778529 0.185015039582739 0.368204499550722 -0.12488132699619 -0.0184363203767235 0.154192812349821 0.0622538786797729 0.79885193138123 -0.0217403988668974 0.0775781714894259 0.172615382745257 0.0809238200689201 -0.0588794541767243 -0.165598781569305 0.0262436160457442 0.0341142555940443 0.0100251859629477 -0.174762992101739 0.208981912230821 -0.0604376078601783 0.047888311919673 0.124147937598687 -0.0741726373630842 0.0304715298872333 0.0288035948548246 -0.111293495527937 0.0733158399754981 -0.0387967279946573 -0.148726237000234 -0.0083888254546008 -0.166031167188227 -0.0653484193333555 -0.0520837039461114 0.0675944027063005 -0.0269896879644171 0.158669215821971 0.0236915438390744 -0.0524310807485421 -0.138719067783858 -0.0650005801138148 0.116380062183256 -0.0684817080728884 -0.0179504608906208 0.0260905694688453 -0.0479975224287372 -0.0549372047353423 -0.0232661077431048 -0.0716244316440458 0.0451937823329674 -0.0683736035717738 0.141463553771409 0.0550923249386489 -0.0920890055818218 -0.116763638829828 -0.0205341036305459 -0.0470170176207078 0.0526362484081557 0.119965284353244 0.169508377300537 0.0339208827801379 -0.0523283017305934 0.0604340876448362 0.132667136255071 -0.124261551038659
14 0.153338095202876 0.00161713603520067 -0.0971287730682591 -0.067196405291224 -0.0253169328741445 -0.0285167191553061 0.0206447941334203 0.0678723033789402 -0.0143281724217551 0.0502915984260921 0.125653554530497 0.0289770084992722 -0.0217403988668974 0.81004927549093 0.0965521873667931 0.0753174556416694 0.113114570888532 -0.153014256209679 0.175298632435525 0.105772310842233 -0.102233818692657 -0.102105658398749 0.0790445214671219 -0.156910924089015 0.0232366823885392 -0.142893505900061 0.101784404202464 0.199712489754885 0.113110874379854 -0.121678304410612 -0.0135864341777334 -0.0799498457366387 0.0024595434447291 0.112576280941782 -0.0750218127325777 -0.104715490233674 -0.0149838245520491 -0.216225764582513 -0.0443073488148473 -0.00793207188362551 -0.0032001116920121 0.0271774982966212 -0.053123270192496 -0.0582794064836715 -0.162696481119018 -0.0347232573378701 -0.0102426356782617 0.102126678704566 0.0694062528851063 -0.0440411428968756 -0.0932104396920206 -0.154647326973169 -0.0329919105914031 0.0143213123382588 0.0658290169417474 0.0358252258844157 -8.21689412029987e-05 0.0192068909031205 -0.0972533997778776 -0.03848816950703 -0.144410162693519 -0.0539653667613061 0.0552899794172191 0.0236548829083646 -0.122218821536905 0.0494245319051473 -0.112874127741132 0.0241102883341036 0.0375150802202738
15 0.019565662548264 0.0168571785504765 0.0854278539183541 -0.0455414167606859 0.0164071071905101 -0.0945095168424313 0.00890763650838403 0.267506627834816 0.0779438445157861 -0.0847304487806906 0.132080870374381 -0.0307250991517472 0.0775781714894259 0.0965521873667931 0.87478855349419 0.0863760165816224 0.0310142542199001 -0.0552906708564201 -0.0924771440425602 0.0187753861972616 0.0704693252623818 0.108868544233046 0.0729061498836729 -0.00459776633495449 0.103641733943262 0.0415561864024422 -0.0805145722192065 -0.00584456144903625 0.000856244026678991 -0.234644479046168 0.0696952581679418 0.0103244527329145 0.048231355309038 -0.0980439932825105 0.00385666137293847 -0.17977897251083 -0.0585907684584771 -0.130694292496601 0.0143885447264296 0.0559442389356494 0.0361467984477301 -0.0426742685215426 -0.0047167489997814 -0.00316132671453228 -0.0948997972575012 -0.00256048977437495 -0.0459716303166085 0.101825846159778 0.139644467639597 0.0379076099897928 -0.0585763402099341 -0.172342448222954 -0.0894036574196328 -0.0230337026729605 -0.0323110932141468 0.10378608628347 0.056698896968111 -0.0477632486350817 -0.103041754876528 -0.0625304623407613 -0.0395665227618712 -0.0263334516276875 0.0526051808016001 0.0424094532820305 -0.0154625073778992 -0.0382219281361511 0.0119394119790723 -0.0122942498269061 0.0717955541029226
16 -0.0402772801962278 -0.0408262919165685 0.0905008937109857 -0.0852834443753074 0.00345571952685051 -0.0552227088396076 0.0349986690994239 0.248558715795974 -0.145095514032768 -0.0309796949458865 0.268575363591651 0.0206562246504288 0.172615382745257 0.0753174556416694 0.0863760165816224 0.686709092653168 -0.0297240569769754 -0.179300779960055 -0.0701571154533605 -0.0937392894957984 0.113000220925545 -0.0498335753789409 -0.055800111652999 0.127859088407374 -0.043916253693904 -0.0382820156413778 0.0375683870608723 0.0212208250459282 -0.00906577216854457 -0.129526359310205 0.0754549761024253 -0.0107869472726698 0.048431844238688 -0.0790090910799814 -0.0280027310803484 -0.0869913263020985 -0.0778202491265617 -0.0650061959240573 0.00427359781978732 0.0547942010256674 0.130627513784695 -0.118819965595447 -0.00587804036292119 -0.0857523145898017 -0.0700510511441796 0.0922501405273584 -0.135540379555508 0.179287495088972 0.206585840120133 0.111959167648767 0.00889069949746651 -0.107917070781382 -0.140174403572488 -0.0296984866433656 -0.0254713723722731 -0.0131639695558967 0.00415058453139229 0.0278905254135693 -0.0935979246453671 -0.0323550466862462 -0.0362076894583845 -0.063762498243694 0.0421985074679127 0.0565369405124311 0.028676189176123 -0.12489074864937 0.0618168605534631 0.114020446516588 0.0284640077929386
17 0.0312093861060386 0.0363582038285176 -0.041254635758269 -0.00486701141651531 -0.0443564301345758 -0.00980317890641593 -0.0439180116702359 -0.0353238533232142 -0.0026306755652735 0.113414209131954 -0.103721612634796 0.0276520091620534 0.0809238200689201 0.113114570888532 0.0310142542199001 -0.0297240569769754 0.729003985073526 -0.082511657778468 -0.0531301303035218 0.0919565256260046 -0.0737233675256289 -0.0311149674291228 0.0903476380636187 -0.0441783242634965 0.103426713517377 -0.0568572234107257 0.0211492089643138 0.00263948661866883 -0.107706070256049 -0.0331545485692735 0.000549817407603334 0.0404593801394632 0.0926334925189809 0.0581887519654991 -0.0627061182967347 -0.224372585080713 -0.0105391543410367 -0.065932379445383 0.131383617927501 -0.046300703328065 0.0921168542080309 0.0660093499590475 0.0448426838584774 -0.10373919564827 0.0133578161549437 0.021057470080094 0.0843685148481366 0.0326845250705203 -0.0367090341279798 -0.00701761386145454 0.0517986971570329 -0.078453393616718 -0.0826255193731762 -0.00785342038742563 0.0818905994961075 0.0669664250017494 0.0613303936882904 0.0337955649153087 -0.0879953106438758 -0.0627533123779128 -0.0936272573632919 -0.0109259966414588 0.0197375858863809 -0.0470728829251702 -0.0887032390608284 0.0585965050596042 -0.158029399370607 -0.0126714014221219 -0.126541730847249
18 -0.256032243053042 0.0506108639099464 -0.0661848543062504 0.0418823471755204 0.0120560998065137 -0.117777361880135 -0.068045405388946 -0.109377752928682 0.0725650432904875 -0.0667988328102924 -0.103662494177912 0.203131399206427 -0.0588794541767243 -0.153014256209679 -0.0552906708564201 -0.179300779960055 -0.082511657778468 0.822098479011895 0.0483769623375559 -0.0144040402793673 0.10405422280937 0.0166502103037936 0.0773432352170302 -0.0793435130017936 0.0414444648592067 -0.0952189560597312 -0.115347338004858 -0.029204112950539 -0.158019063818205 -0.020323719295494 -0.0976454364411713 -0.0622300184853841 -0.14784874176735 0.0635074680962104 0.0744254597970137 0.00470429412676982 -0.0231094558543359 0.114426457099633 -0.00917490938649764 -0.0566828329412695 -0.0959741213076879 0.147570867616592 0.0303373482665648 -0.0313672738755062 0.219201013781522 -0.0492179495289222 -0.0326311594713377 -0.143245905436917 -0.0833618261498579 0.0819422585542361 -0.101243850171782 0.182136054628483 0.16897742786628 -0.122906272236441 -0.260764234496448 0.0606160340508091 -0.0589779179999371 0.0381707986832835 0.172414224944215 0.0113356247490446 -0.0348674070100391 0.140791672675524 -0.146405857567632 0.0113668053593986 0.160446473533442 0.0917653543838022 -0.0300841533271551 -0.121615767055719 -0.103327010243743
19 0.0959583922010501 0.0270638159574849 -0.0263811304868367 0.0235555536565404 -0.0374794818516648 -0.0770697180402648 -0.0504325689624859 -0.180974087087321 0.0571064174280181 0.0231257841464505 -0.0865572887857493 -0.0457739032610835 -0.165598781569305 0.175298632435525 -0.0924771440425602 -0.0701571154533605 -0.0531301303035218 0.0483769623375559 1.21968146546587 0.0452791378891835 -0.176555704572495 -0.187215722828625 0.249985485243835 -0.157592490444139 -0.0057077750176629 -0.0191899580635612 0.072258847527765 -0.062099915585939 0.000805125005397322 0.00739296780346852 -0.0881116704155381 -0.0754146819781535 -0.00202767088252799 0.113376708545508 -0.0267920540741838 0.13761882558424 0.133160637944195 -0.104076878527306 -0.051361284023571 0.0392323152700989 -0.133135658808161 0.0484799333170179 0.00149560505795073 0.112737972972499 -0.0424229341068831 -0.162857904001151 0.0996422307327567 -0.0621079029080747 -0.0744641232802638 0.132516420872404 -0.117284486769366 -0.0268857543845056 -0.0602037238464281 0.0283881544033326 0.0440612999602483 -0.11891368158025 -0.0683283595182618 0.0219166975014315 -0.00245443375993793 -0.0624973296655966 -0.00610931349632876 -0.101019861794739 -0.0665978725950975 -0.120241204523173 0.108033782299817 0.0656807544508191 0.015894380378282 -0.193798144891623 -0.00778585864814453
20 0.0928550989416672 -0.119294005367656 -0.0624697165321643 0.0383231035642216 -0.0412845336866684 -0.0715561217303722 -0.0126157503853945 0.00289683305142252 0.03283431244874 -0.0399062300026433 0.00785617282920416 -0.0302172135856567 0.0262436160457442 0.105772310842233 0.0187753861972616 -0.0937392894957984 0.0919565256260046 -0.0144040402793673 0.0452791378891835 0.887722178097355 -0.0819086264504767 -0.082454349219599 -0.0262980227576759 0.0270724602880116 0.0958566361030796 -0.0241264969310105 -0.0631258072283894 -0.0353281410013607 -0.0428404368675151 -0.0332171125984535 -0.0913771600528197 0.108809029121493 -0.0318403654264501 -0.0549939211538462 -0.0394024814752268 -0.0151398289468372 -0.115616257690675 -0.0266889112072442 0.0103163723752093 -0.0783102626773525 -0.0151242621797549 0.0512678072800293 0.12767455438982 0.0995135379621582 -0.055445970668153 -0.0320624040173205 0.0351371586577916 0.0479787816636492 -0.0343416642066555 -0.029367866310562 0.0986734932710198 0.017690701457596 0.0334612415498878 0.0306456366601914 0.0776352543874039 0.0202197164690954 -0.0112752409971417 0.12678851287485 0.0121926927561341 0.014439476621226 -0.108572721641195 -0.0444269074171452 -0.00403248762075716 -0.0672919040041311 -0.0104988578108877 -0.0574769851282119 -0.000526968689994799 -0.0336270248797933 -0.0579186711633687
21 -0.110777133791219 0.061728921088335 0.140806268468822 0.0672428662350347 0.197241691010664 0.0181325384279777 0.154784364109028 0.0523652423503789 0.217200151103652 -0.0787886865036012 -0.00869557194367903 -0.0369840565384612 0.0341142555940443 -0.102233818692657 0.0704693252623818 0.113000220925545 -0.0737233675256289 0.10405422280937 -0.176555704572495 -0.0819086264504767 1.1297745851787 -0.019477509560178 -0.0306993854832807 0.0229026784110314 0.0389939202941743 -0.165390891531929 -0.0529187378894142 -0.0391472557231865 -0.117627020007191 0.0042599971563399 -0.11712063351161 -0.0754752078332931 0.0279858227551903 -0.00881871022086949 0.0515598334035311 -0.106721787694898 -0.0673357812009986 0.212910362661608 -0.00192865048952742 0.0365993983438598 0.0157824404807435 -0.0132258816138574 -0.0589600194975744 -0.0466775696294274 0.036877648820706 0.0483801510616657 0.0422102638828824 -0.0623204130687508 -0.0254059339925351 0.0972545602259214 -0.0256148233576676 0.0337240222886784 0.137967953320614 -0.100054448787749 -0.0730177594096094 -0.0791109504116244 0.131509184872046 -0.0397010270626944 -0.0324184136579874 -0.108823712181024 -0.0487894499239488 0.00556304191342969 0.00705201775473615 -0.0306737340078548 0.0289602185955969 -0.0930990153097624 0.155738978891386 -0.131451031856662 -0.0611664250135358
22 -0.0941427536857569 -0.0140849011420542 -0.145836521087406 -0.0398099526569529 -0.021032462295046 -0.0180040328323793 -0.00914137916154976 -0.0443603407575545 -0.0292949359933742 0.0657646650161208 0.048419160815055 0.0504092028914262 0.0100251859629477 -0.102105658398749 0.108868544233046 -0.0498335753789409 -0.0311149674291228 0.0166502103037936 -0.187215722828625 -0.082454349219599 -0.019477509560178 0.963979157467701 -0.104230789893138 -0.0793064237816563 0.0847578562971201 0.10267784784085 -0.0464675951271699 -0.077137848869045 -0.00123284464427933 0.077621445430851 0.0138288893072145 -0.0185739151632014 0.0602535907638006 -0.0446866289812155 -0.0563311847293356 0.00818559307136217 0.0340569531027095 0.0896747001928628 0.0231729243742652 -0.180735000788462 -0.031515787186631 0.0404841732573017 0.0462489224045733 -0.00744398872674122 -0.0578149405563919 0.0159271720277968 0.0387159169769039 -0.00605773404737662 -0.0331527552928839 0.0470449577925338 0.116857115480378 -0.180495763514584 0.106702346293326 0.00496516691199961 -0.0720349264215574 -0.0257372531028724 -0.0211264425220058 -0.0707077347314996 2.34321317381491e-05 0.0269880186591276 0.0639878195928004 -0.0239016058983944 -0.0504584038532841 -0.0795867190608599 -0.0067308492636868 0.112585858157589 -0.0191895998042459 0.135709695203115 0.0234521382683432
23 0.0797193025944884 -0.0505804540372104 0.0738915184104762 0.081568719360332 -0.124199617251638 -0.124060654667821 -0.096594420063996 -0.118978885040429 0.0210541491368804 0.0778041139929536 -0.0552371833152375 -0.0332562476828302 -0.174762992101739 0.0790445214671219 0.0729061498836729 -0.055800111652999 0.0903476380636186 0.0773432352170302 0.249985485243835 -0.0262980227576759 -0.0306993854832808 -0.104230789893138 1.21188369026507 -0.294241759592929 -0.0365645579630377 -0.203572304874766 -0.111267394877473 -0.0410599713412814 -0.149118184882986 0.0647975182131553 -0.0403793749794534 -0.152307813554083 -0.0670624995677721 0.193514503571466 -0.0511742507573315 0.0687359737918942 0.00565773367959828 -0.0680733598959631 0.0751215836724864 0.128469782932919 -0.212600415903122 0.116254576162065 0.0178433171207841 0.100693786977314 0.06723407582424 -0.0819197847035009 -0.0273804497959063 -0.0143899896142426 0.00549559970471621 0.00292214389850157 0.0483209656520531 -0.0958413828047377 -0.0811812225196506 -0.0330091619608146 0.0681666201483401 -0.0539940245823774 0.0483711652965062 0.194952278605022 0.0612570401795116 0.0222137232744376 -0.0664641949217619 -0.0555288193268881 -0.0127464451576236 -0.0609518999795077 0.0431347911494483 -0.079549979843031 -0.0674986165772938 -0.0815491456985324 -0.0272044241555079
24 0.0146113934112697 0.0344062420255146 0.124457495188698 0.0215008095525767 0.116215030868191 0.0719751052775751 0.126653982920886 0.277953398347063 -0.0402193230907292 -0.116360006026924 0.0177118922754479 0.111766222381297 0.208981912230821 -0.156910924089015 -0.00459776633495449 0.127859088407374 -0.0441783242634965 -0.0793435130017936 -0.157592490444139 0.0270724602880116 0.0229026784110314 -0.0793064237816563 -0.294241759592929 0.698813757640926 -0.0569314468254019 0.0247024161352567 0.0347496898119122 -0.0173209342543559 0.0959247641268216 0.0372192280672902 0.14668070608107 0.080335280468567 0.0160387532227809 -0.146665818330581 0.0175569459481244 -0.170641325099364 -0.0474426769549444 0.0703933434136527 -0.0360172813424974 0.0136387032156507 0.280816578404838 -0.112434325544855 -0.129898234846052 -0.152599781896427 -0.0160105178214067 0.171275235262471 -0.117875663366369 -0.0250464822195784 0.0653524650651961 0.0643585440958092 -0.0352591091244793 0.201036484144769 -0.0135435909375899 0.0237946749214541 0.0187255640670975 -0.104577457436728 0.0511042763872015 -0.133357275377078 -0.142351824111448 -0.1203116095384 0.0442640466952056 0.110089712136379 0.0386721369861018 0.0554850486738361 0.0305226420767375 -0.0353598879167521 0.0236450640602481 0.140316370961177 -0.0202973373394551
25 -0.0938331701631382 0.0114774971084653 -0.255077937713325 0.130693499538939 -0.0962583944943461 0.0992763440707132 -0.0953733875409919 -0.0173723823673761 0.116981974757107 -0.0290891613665118 0.0267534934581803 0.0528880659268511 -0.0604376078601783 0.0232366823885391 0.103641733943262 -0.043916253693904 0.103426713517377 0.0414444648592067 -0.00570777501766289 0.0958566361030796 0.0389939202941744 0.0847578562971201 -0.0365645579630377 -0.0569314468254019 1.13899745100166 -0.109617308654927 -0.138579087637985 -0.0248867319402593 -0.185646296786156 0.0360957270027604 -0.00168805311574364 -0.0206925171655169 -0.119641679235983 0.00293441262243837 -0.00126004995398847 -0.0794636428910174 -0.0323513419225786 0.0944166151525019 -0.139906423533096 0.161121756786511 0.0288148729925637 0.05648169683214 0.140390977469741 -0.0491012775823756 0.0382595186925002 -0.0404430587852731 0.140284585402745 -0.0101483824279526 -0.122608147344151 0.0342479028349075 0.00556232544752794 0.0319501778087957 0.146977010507602 -0.127468400757057 0.0688753045531964 0.0325691277687774 0.143487039709923 0.0817886398058072 -0.0138634736816061 -0.178065543202732 -0.0762947330905222 0.0208960215951885 -0.060418550948065 -0.121171908533339 -0.0820031167348242 0.00733698297853489 0.0123432698999828 -0.0731395627708148 -0.10651581491196
26 0.145943812839196 0.0457058188021641 0.032073231928797 -0.0525775039773442 0.0367430388538015 0.000979371587261483 -0.0801379507544421 0.15650103220822 0.148015235693068 -0.0794922911909342 0.163500386040728 -0.107101005171982 0.047888311919673 -0.142893505900061 0.0415561864024422 -0.0382820156413778 -0.0568572234107257 -0.0952189560597312 -0.0191899580635612 -0.0241264969310105 -0.165390891531929 0.10267784784085 -0.203572304874766 0.0247024161352567 -0.109617308654927 0.988501527785974 0.13041144144557 0.0981883721213098 0.0701527549657811 0.103866017462429 -0.0208218687731471 0.0947051784278422 0.0908021800354813 -0.139766177966645 0.0038465455765113 0.0239952971907704 0.0350441839709032 0.0473274543916827 -0.179795631485579 -0.0951517248139744 -0.00712256271479435 -0.0410190377149482 0.0128116233600211 -0.0420460345905511 -0.10764857891031 0.0142281763978464 0.0529167950895244 0.0197646035367885 0.0562875848570116 0.0167909196231307 -0.0226090337989632 -0.0251616853676295 -0.113137527451343 -0.0796003559427899 -0.0980401021618207 -0.0274308342097629 -0.0625105080431174 -0.014682584843777 -0.0756916026579194 -0.00836010258991508 0.0681992111639946 -0.135141449752245 -0.0252735215865598 -0.0753356694842219 -0.134063227668697 -0.0961853939701985 -0.0301980079667076 0.0278619699688142 0.0401538201849961
27 0.0751021938476742 0.0901911487728394 0.0594406311076829 -0.00719319403333667 0.0335102793254807 0.105789212420171 0.0604038162231348 0.0661291821123905 0.0448527157420388 -0.0440397743363723 0.131781372902727 -0.0341722196298089 0.124147937598687 0.101784404202464 -0.0805145722192065 0.0375683870608723 0.0211492089643138 -0.115347338004858 0.0722588475277649 -0.0631258072283894 -0.0529187378894141 -0.0464675951271699 -0.111267394877473 0.0347496898119122 -0.138579087637985 0.13041144144557 0.970479567396543 0.0250734447403862 0.110534059923599 0.0654386513066446 0.156286066437779 -0.0307311577337933 0.0637491539878468 0.0174329471217723 -0.11054995853811 0.031939377678223 0.0275156519437335 -0.124711402306202 -0.112210449086565 -0.0669569358627578 0.0472898281583276 0.035939989417703 0.0409182021210879 -0.0623604640368816 -0.0756666509253787 0.0425042002659981 -0.0524179150564621 0.00115561870187005 0.00282408118414132 -0.0621969775458147 0.0131577873274671 -0.0815555117614403 -0.163475614846478 0.0657697857260279 -0.0991622378757279 -0.0677045673103548 -0.0454657826226672 0.0109912218563902 -0.158849922798819 -0.0364549338135798 -0.0387578323634293 -0.00626951016281591 0.113117918919991 0.0387099465354448 0.00893404863853728 0.0981601503243572 -0.0276621644077798 0.026859906037193 -0.142043859743072
28 -0.00822777806782085 -0.0212488322371789 0.0434452087101719 -0.0145673792427421 0.0641342988176897 -0.0294194225906627 0.0339215956314456 0.0511547052209947 0.0162777177602498 -0.0202753352265172 0.0296948350605888 -0.0589542814748178 -0.0741726373630842 0.199712489754885 -0.00584456144903625 0.0212208250459282 0.00263948661866883 -0.029204112950539 -0.062099915585939 -0.0353281410013607 -0.0391472557231865 -0.077137848869045 -0.0410599713412814 -0.0173209342543559 -0.0248867319402593 0.0981883721213098 0.0250734447403862 0.999399087915586 0.0582048773175804 0.0403532338169674 0.0886811184423158 -0.0182354222148958 0.0870379420772996 0.159734478740895 -0.00908123517541749 0.0072892794053027 0.0393428949048673 0.0193272513291125 -0.0530831341971373 0.0146013200909421 -0.0390813273206779 -0.0254067770043696 -0.0516844600091853 -0.0168157945869094 -0.0562554090044764 -0.0563145694926741 -0.0789426280702459 0.15443442583382 0.00168463612825466 -0.0086240747405057 0.0669481604905246 -0.118457380248687 -0.190926046173385 -0.0356954689454192 0.136573935971342 -0.0735652382601151 -0.108220135428509 -0.0826221484000971 -0.112806332129453 -0.0138684108155403 -0.0376181777998669 -0.0658171323624017 0.069206324118389 -0.0513224564141466 -0.142923640706303 -0.00394496848011224 0.016970472590362 0.0293191311606708 0.0388906197071088
29 0.193747152311301 0.116465656762773 0.0552172130186704 -0.0119510757095893 -0.00632237573346215 0.0190700301559249 0.115048435886677 -0.000531126571530875 -0.0503289581854739 -4.50752905309367e-06 -0.0363951401617887 -0.0516789839944811 0.0304715298872333 0.113110874379854 0.000856244026678994 -0.00906577216854456 -0.107706070256049 -0.158019063818205 0.000805125005397322 -0.0428404368675152 -0.117627020007191 -0.00123284464427932 -0.149118184882986 0.0959247641268216 -0.185646296786156 0.0701527549657811 0.110534059923599 0.0582048773175804 0.772011157920638 0.120930415907495 0.158876937500002 0.0391160550102062 0.0129653016566145 -0.12237985366085 -0.0631608527027443 -0.0109133605218432 -0.048095441013408 -0.0943237076781092 0.0258361318183278 -0.151324986463143 0.0558681335573462 -0.0563250630769434 -0.136049811213042 0.0658949633756696 -0.0857604432998831 0.031176833369037 0.049039006866374 -0.0187299079733998 0.153438706146386 -0.0423226954799125 0.0121441039686622 -0.092507265773356 -0.142203758417545 0.0275197449399078 0.0931577670535334 -0.0560102348726949 -0.000952948520700158 -0.100688090187835 -0.0104844859639884 0.0620887228903019 0.025914012783367 0.121060022878111 0.172352519222429 -0.0182305367342521 -0.0233774356073393 0.00181852903568176 -0.0873974006818375 0.0770434252785271 -0.0143060467339584
30 0.092212985823037 0.0518732538663563 -0.00499963022583598 0.126532613914707 0.105161518556792 0.112405423639087 -0.0111949746873669 -0.0359498101620728 -0.0119539758384875 -0.0816595138944877 -0.130010102025831 -0.188933074971807 0.0288035948548246 -0.121678304410612 -0.234644479046168 -0.129526359310205 -0.0331545485692735 -0.0203237192954939 0.00739296780346852 -0.0332171125984535 0.00425999715633992 0.077621445430851 0.0647975182131553 0.0372192280672902 0.0360957270027604 0.103866017462429 0.0654386513066446 0.0403532338169674 0.120930415907495 1.30410575407643 0.188373448564669 -0.0819709393631589 -0.0497049166388201 -0.0516258259774997 0.0632843685217771 0.183710979717856 -0.0643082313478186 0.251981574972899 -0.0602992451648019 0.0329860712944893 -0.0696324967933244 0.0290429507561599 -0.117853960793482 0.000383363959688068 -0.0541034127623037 -0.157365218091919 0.178569547238199 -0.124341740868033 -0.0358130729948858 -0.00153285793097796 -0.014388022181669 -0.0482561863479076 0.00736616192558939 0.0203852181563466 -0.0519411770239754 -0.0747197979617608 -0.141348498988056 -0.0337213684613408 -0.0320776996740331 -0.106871811922431 0.129571875323568 0.0523710597819118 0.0154011216129612 -0.112398937870309 0.0279076262847433 0.0904976251340115 -0.197864968049472 -0.174583450431521 0.0505959651744862
